2.6
10.35
14.4
13.2
14.7
16.1
18.8
16.75
20.7
18.2
17.2
17.8
15.45
17.7
18.85
14.8
17.9
17.1
21.25
17.3
19.7
21.05
19.35
20.7
18.1
21.65
20.8
19.4
21.45
22.65
20.2
19.0
20.5
22.35
20.9
18.9
20.45
16.9
21.75
16.65
21.35
21.35
22.1
18.7
22.15
19.75
21.2
19.85
21.0
16.4
20.6
19.9
15.45
16.95
20.05
17.9
21.55
19.0
16.0
21.3
19.4
18.7
20.2
20.6
18.65
16.75
16.85
20.9
20.55
19.3
19.75
15.85
20.05
14.9
19.5
17.55
22.65
20.45
21.95
20.5
24.75
22.75
24.65
20.7
20.5
21.8
23.45
24.2
23.7
25.6
25.2
25.0
22.1
23.55
26.55
24.0
21.45
21.5
23.2
20.35
22.6
26.05
23.65
24.95
23.6
23.75
25.65
24.55
23.35
26.45
23.25
25.4
22.65
22.35
23.3
21.7
22.2
23.85
25.0
27.15
23.6
22.55
21.05
22.35
21.5
22.9
23.35
23.0
21.8
23.35
24.1
24.8
25.75
24.6
23.7
26.45
25.2
22.45
22.8
22.35
24.7
21.9
24.7
23.5
24.8
22.6
22.75
24.15
24.4
23.15
24.1
21.85
18.35
26.25
24.3
24.6
25.05
22.5
22.9
25.05
20.1
21.55
21.7
24.0
23.4
24.9
23.55
26.1
23.15
23.45
24.2
21.75
24.6
24.2
25.5
23.9
23.4
23.9
24.2
20.35
23.6
23.75
21.25
22.25
24.35
23.35
23.5
20.65
22.4
21.05
25.35
23.55
24.7
22.95
24.9
23.8
23.8
20.9
21.45
25.4
20.05
23.8
23.85
25.45
26.35
24.95
23.45
22.9
23.8
22.55
23.0
25.35
21.35
21.2
22.6
23.15
22.4
20.9
23.35
21.6
25.25
22.75
24.4
25.75
22.9
21.95
26.55
22.65
22.15
25.15
21.6
22.6
22.1
23.7
23.0
20.85
22.4
20.9
24.15
24.7
22.25
24.05
22.75
23.2
22.65
22.85
25.15
22.9
24.9
24.85
23.7
22.0
26.4
21.6
26.1
21.9
21.0
22.45
22.3
26.25
23.9
24.1
21.85
26.5
24.15
23.75
23.25
23.8
24.3
24.5
21.85
25.1
21.3
20.05
24.95
26.05
23.85
23.1
22.7
24.5
25.7
21.0
18.3
24.9
24.8
26.45
25.05
21.85
25.95
22.4
25.3
24.4
25.6
22.55
20.0
23.0
22.15
24.5
22.45
26.8
24.2
26.7
26.15
22.3
28.3
21.85
25.6
20.3
23.95
24.5
26.1
27.85
25.1
24.3
23.5
22.65
24.35
26.45
24.75
23.9
24.65
24.55
21.65
23.0
24.9
24.85
24.1
26.2
24.45
27.9
27.2
24.35
23.95
22.85
26.25
24.55
24.15
23.6
21.9
21.55
20.7
24.4
23.25
24.4
25.55
23.3
25.25
24.15
24.9
22.65
25.2
22.95
26.5
26.7
25.1
23.55
23.55
21.4
25.6
25.7
24.9
23.6
25.55
22.3
25.85
22.55
22.6
23.45
23.85
25.65
22.4
24.3
21.65
24.45
23.35
24.2
22.7
25.1
23.85
21.95
26.0
24.9
23.95
27.1
23.55
25.05
25.7
23.8
25.35
23.25
26.8
22.0
26.65
23.25
27.4
22.6
22.85
22.8
22.75
22.95
23.3
24.5
25.3
25.0
25.0
24.7
25.0
23.3
23.75
23.95
24.05
24.25
25.75
26.55
20.85
22.5
26.35
26.7
23.85
20.5
24.45
24.8
23.15
23.75
24.8
24.35
21.25
24.4
23.15
27.7
26.35
22.05
26.2
22.3
24.5
22.45
24.65
26.65
24.15
25.1
24.15
22.25
23.1
25.45
25.7
26.7
22.15
20.45
22.8
24.1
23.3
22.1
20.75
26.9
23.5
21.9
21.9
23.0
25.3
25.8
25.7
26.2
27.25
25.95
25.4
27.5
24.75
23.75
19.7
23.4
24.9
25.1
26.2
21.4
23.5
25.7
25.6
21.1
24.85
20.6
23.9
26.45
27.2
22.95
23.75
24.45
25.7
25.25
22.55
24.0
24.3
26.35
23.75
26.25
24.15
25.0
24.35
25.35
25.25
23.65
25.1
27.1
24.0
27.7
24.9
24.2
25.65
25.3
22.4
25.3
24.8
24.5
25.75
26.15
22.5
26.8
25.3
25.7
23.9
22.9
26.75
26.1
27.45
25.75
23.6
24.85
22.75
25.0
26.0
25.55
21.55
26.35
24.55
25.5
27.6
25.05
23.45
26.05
26.25
28.55
27.45
23.25
23.5
26.05
26.05
21.0
23.1
25.6
26.9
23.35
24.55
27.05
28.15
24.5
25.3
25.85
23.55
27.25
27.05
25.5
24.55
24.85
25.5
22.05
25.05
25.25
26.35
23.9
24.4
25.0
23.8
26.3
25.1
27.3
21.75
22.9
23.75
22.05
25.3
23.85
25.4
23.85
27.6
25.8
19.25
21.9
25.05
26.55
22.55
26.75
24.65
23.6
24.7
23.7
25.1
25.7
25.15
25.05
23.3
22.7
25.85
26.25
23.15
28.65
24.4
25.8
26.15
23.1
24.05
27.4
25.4
28.25
25.85
26.0
25.8
27.45
23.25
25.7
24.7
27.2
24.55
25.95
21.3
25.95
25.35
24.85
26.85
26.95
24.25
24.4
25.75
28.45
26.0
23.55
25.75
25.55
28.55
23.45
24.5
24.85
26.9
22.1
22.75
26.65
27.1
25.65
24.6
26.9
28.4
27.2
21.5
25.25
22.15
22.15
24.2
23.05
25.1
24.9
25.65
24.55
19.7
22.05
25.55
28.45
24.6
26.75
25.8
26.95
25.0
23.9
24.55
25.7
25.4
27.3
28.45
21.8
26.7
28.2
24.8
22.05
23.9
24.85
27.6
27.35
26.4
23.2
26.5
24.95
26.8
26.85
25.0
25.0
26.15
23.35
25.85
24.5
20.4
25.35
27.85
23.75
26.85
20.8
26.3
27.55
27.0
27.5
26.05
22.85
26.45
28.75
26.0
24.9
25.05
26.05
19.05
25.65
23.35
27.15
26.6
23.05
26.5
27.05
24.5
25.2
24.5
24.5
26.9
24.3
27.25
25.5
27.85
25.75
23.0
23.2
24.55
27.35
25.15
25.3
25.5
27.3
26.15
23.75
25.25
25.45
27.15
27.3
27.45
23.35
26.75
26.45
24.35
26.2
25.7
26.25
22.95
24.85
24.2
24.45
26.75
21.8
22.3
25.65
25.45
24.35
25.25
25.6
27.25
25.55
28.15
21.8
25.75
25.4
24.75
26.45
23.8
23.55
23.1
24.6
22.95
24.1
23.4
24.55
23.25
22.75
26.45
22.65
23.95
22.7
25.3
23.9
23.15
27.35
25.15
22.65
23.05
24.85
24.35
26.7
25.6
23.5
24.45
23.2
26.85
26.4
23.85
25.5
25.85
25.85
24.45
24.8
25.1
26.15
25.6
25.8
27.1
23.1
23.8
25.5
24.3
23.65
25.55
24.15
26.6
24.55
26.55
25.55
21.4
25.75
25.15
24.3
25.6
22.45
26.1
27.15
24.45
27.35
27.7
20.6
25.25
23.35
26.5
25.9
27.45
24.85
22.75
26.95
26.3
26.7
21.4
25.9
28.95
24.85
24.4
27.8
26.25
23.85
24.35
23.7
26.05
23.9
26.55
26.2
25.1
24.0
25.9
26.75
24.95
24.3
23.5
29.8
23.65
23.9
25.7
26.15
26.15
25.05
27.2
26.0
29.95
22.7
23.1
23.45
25.45
24.1
24.9
24.75
27.0
23.95
22.85
22.35
24.35
24.5
25.6
25.45
27.85
24.15
26.95
26.2
25.0
24.5
23.1
24.4
25.15
23.85
24.55
26.65
26.35
26.35
25.1
24.3
25.95
27.75
27.3
24.9
23.8
25.85
28.45
26.15
25.85
23.6
24.65
25.0
26.0
24.7
26.25
24.3
24.25
24.95
21.7
22.65
27.6
26.15
24.0
25.15
24.8
30.4
23.75
23.85
25.9
24.7
26.25
21.85
24.25
27.05
26.45
26.85
23.75
25.45
23.55
24.8
26.65
22.4
25.35
22.45
22.65
26.6
27.4
25.4
27.9
26.3
23.6
27.2
25.45
26.15
24.65
25.2
27.25
27.5
25.85
24.8
24.8
27.2
26.75
25.9
25.25
24.65
21.8
21.95
23.65
26.85
26.3
25.2
26.15
27.7
22.25
25.65
22.4
17.05
25.85
23.6
23.4
24.4
24.05
24.5
25.55
28.35
27.0
25.7
24.2
