5.85
16.6
27.65
31.2
36.3
33.05
36.15
35.0
31.3
28.5
33.9
33.8
31.25
32.95
32.0
33.15
35.05
34.4
33.6
34.7
36.25
37.1
38.4
39.85
35.75
35.2
33.65
36.45
36.05
33.6
36.9
35.25
35.6
33.75
38.3
37.5
38.35
36.25
38.95
38.3
36.2
35.9
35.7
38.1
35.5
37.15
36.1
41.05
36.2
36.25
37.45
38.7
35.55
38.55
35.95
42.15
38.35
36.6
41.3
39.15
40.4
42.25
42.0
42.25
36.85
38.0
38.9
39.75
42.45
40.7
42.1
38.55
38.7
37.7
44.1
40.2
41.35
42.2
43.25
39.95
40.4
39.75
41.0
39.75
43.85
40.65
39.45
39.25
39.65
38.25
41.05
42.1
42.0
44.1
43.4
43.05
41.85
40.1
40.5
38.3
41.9
43.15
40.7
42.6
40.15
45.8
42.65
44.3
40.0
43.35
41.25
41.25
43.35
43.1
39.65
40.05
39.0
41.5
41.75
32.85
42.95
44.15
41.55
42.0
38.9
42.7
41.1
43.4
41.55
38.65
43.15
43.35
41.4
41.75
38.7
43.9
43.35
43.15
43.5
38.3
39.0
41.75
44.0
43.25
39.9
44.0
44.25
40.65
43.55
39.6
40.95
39.8
43.9
41.8
41.55
41.0
45.45
41.7
44.45
36.3
40.15
40.2
41.95
43.25
42.35
46.65
42.65
41.9
44.65
46.3
41.9
43.95
39.4
36.1
43.55
42.1
41.8
38.8
43.55
43.95
41.65
41.8
42.8
44.1
43.45
41.55
43.8
41.9
42.35
43.8
41.8
42.4
42.7
43.85
43.3
44.55
43.05
42.7
43.45
42.55
40.8
39.95
42.95
40.75
39.25
45.95
43.9
41.1
41.4
44.65
42.3
38.1
43.4
43.05
41.8
44.4
44.55
42.55
40.05
39.65
43.5
41.85
40.75
41.95
41.7
44.25
41.85
39.5
41.55
45.25
39.65
41.75
43.1
39.35
38.2
41.0
39.6
44.9
44.8
42.7
38.05
38.8
43.9
42.1
40.85
45.5
38.3
39.1
40.75
44.9
39.35
42.75
41.55
36.9
42.8
42.05
38.8
35.65
40.1
43.3
40.6
44.25
43.35
43.25
41.55
43.65
41.1
38.7
44.55
49.4
37.95
37.95
45.0
41.65
40.7
43.4
41.25
42.25
43.8
44.1
43.3
39.6
42.25
41.2
44.55
40.55
42.95
44.35
41.75
42.3
40.1
40.65
44.3
47.65
44.55
44.4
41.55
43.15
39.35
43.05
45.25
41.75
43.35
41.95
44.5
44.65
33.55
38.75
45.0
44.9
41.65
41.1
44.1
45.4
40.65
41.65
40.25
42.75
40.8
40.05
44.65
41.15
42.4
38.65
41.6
40.75
41.6
40.6
44.0
40.8
43.6
41.25
40.55
39.8
43.6
45.05
43.1
40.15
41.2
41.05
42.4
44.95
44.65
43.2
43.35
44.0
42.85
43.9
41.65
38.25
44.5
41.2
45.3
40.1
44.0
39.4
40.8
37.65
42.75
44.7
43.0
44.8
43.15
40.2
39.25
39.4
42.65
41.15
38.15
42.5
44.15
43.55
41.05
40.35
36.3
45.3
37.1
40.45
43.65
42.35
46.5
43.35
41.7
40.55
33.25
42.1
41.85
41.35
43.0
43.15
37.75
38.6
42.9
40.35
43.05
39.95
44.0
43.6
38.55
43.35
41.05
42.4
37.95
42.65
41.7
44.2
45.5
41.6
40.45
42.2
39.35
42.55
42.95
44.3
45.3
43.1
41.3
43.05
41.65
40.45
40.75
38.7
40.6
39.65
42.9
44.25
42.5
41.1
43.05
39.7
40.05
39.65
40.65
43.35
41.0
40.5
40.8
44.7
44.0
40.45
46.4
39.25
45.3
44.45
43.7
42.45
41.4
44.15
43.7
40.95
45.25
43.25
43.95
42.95
42.85
39.75
43.95
41.15
42.2
40.25
41.6
40.2
37.95
39.35
41.55
43.75
40.1
42.3
46.1
41.05
39.7
40.65
44.15
43.0
42.85
42.05
42.5
43.05
44.65
39.8
41.75
46.75
44.45
41.05
39.65
37.8
39.75
45.2
34.05
42.65
41.5
37.75
43.6
44.25
43.55
45.2
40.3
42.0
41.05
41.3
44.65
45.05
44.1
42.5
38.25
42.45
45.4
42.35
42.85
41.8
43.85
40.95
44.15
38.95
44.25
42.55
42.8
42.5
39.6
43.15
41.45
41.65
40.95
42.3
39.4
43.85
41.8
40.1
37.7
41.05
40.65
38.8
40.2
42.65
41.7
39.85
39.45
44.3
43.55
42.5
40.45
38.85
45.4
41.15
41.1
43.05
43.7
44.2
40.8
43.35
39.3
43.1
41.85
43.3
41.85
42.45
42.7
40.95
37.95
39.9
41.75
38.35
44.35
39.15
43.7
38.55
43.85
43.75
44.0
41.4
42.05
41.75
43.95
41.35
44.2
45.3
40.3
41.95
40.45
40.9
43.4
38.45
39.0
36.95
43.15
41.6
43.45
42.4
43.65
41.95
43.4
44.0
37.4
40.15
43.7
38.4
42.7
43.35
38.95
42.1
38.3
37.05
38.7
40.95
42.35
43.0
44.65
42.9
43.7
39.65
34.35
41.65
37.15
38.25
41.55
40.65
40.85
41.15
42.0
38.85
44.15
41.7
39.75
41.4
44.4
34.75
43.85
41.65
45.85
41.15
38.85
39.95
33.2
39.7
41.7
40.1
37.75
43.6
41.9
41.2
42.6
42.8
42.75
41.15
38.5
42.6
38.55
43.15
45.1
36.85
44.15
45.85
37.9
41.6
42.25
40.6
43.1
42.0
40.2
43.95
41.25
43.75
39.8
41.9
43.1
42.75
40.0
44.15
41.6
42.35
39.3
45.6
40.8
43.2
39.65
40.6
40.7
44.9
41.85
40.25
41.65
44.1
40.75
39.8
43.3
41.15
42.1
42.8
40.95
38.95
39.3
40.0
41.85
43.95
42.5
44.8
44.1
40.1
42.6
39.5
40.5
43.4
38.15
38.1
42.5
44.75
42.0
43.8
44.2
42.95
40.1
42.6
47.85
39.75
46.4
44.05
39.65
42.2
39.8
39.4
45.4
44.0
35.9
39.15
44.65
41.1
39.75
38.55
36.55
40.45
46.25
41.95
43.1
44.75
44.7
44.55
43.2
43.45
47.55
40.05
38.05
44.0
39.6
41.9
43.7
42.4
39.8
43.2
43.8
43.3
45.25
43.85
39.45
42.25
44.75
41.4
43.3
46.0
42.5
44.55
44.2
42.4
44.75
41.95
46.1
43.1
36.1
43.15
42.7
37.25
42.0
41.45
45.1
45.85
46.1
39.85
35.95
41.4
45.7
39.3
43.5
45.55
40.75
42.75
39.7
42.65
39.2
41.85
40.0
43.6
43.35
42.4
40.05
38.2
42.8
43.0
47.25
37.65
48.1
40.1
43.15
42.6
39.45
43.4
40.5
40.8
42.9
41.6
41.15
41.9
42.55
43.2
38.15
38.9
40.1
44.35
45.0
41.35
45.65
41.65
40.05
42.95
35.6
42.85
41.55
38.2
43.95
47.7
40.7
42.1
43.3
44.95
43.7
37.0
45.45
38.8
45.95
38.75
45.35
42.0
42.65
42.1
42.8
42.55
41.4
43.35
42.6
41.95
43.0
42.35
40.1
44.05
39.9
42.5
40.8
39.9
42.35
41.05
43.05
41.15
43.95
42.6
44.2
43.3
41.6
38.2
41.5
37.2
41.9
41.4
43.4
40.65
40.7
40.2
45.8
43.85
43.95
41.15
38.25
42.35
44.0
38.6
41.15
45.8
42.55
44.75
42.15
37.5
38.8
39.45
38.6
42.45
41.45
40.85
42.65
44.75
44.25
43.8
44.45
40.6
43.2
42.6
40.8
40.65
43.4
41.4
42.25
45.35
43.85
41.45
44.65
45.0
42.25
41.15
37.3
43.85
38.35
38.0
43.8
42.15
41.25
42.35
45.75
44.75
40.1
37.4
44.95
43.25
39.15
43.6
43.3
44.45
41.7
40.6
43.85
42.05
43.95
44.25
41.15
43.6
40.6
44.05
37.2
40.2
39.2
39.65
44.65
43.85
45.45
45.7
40.9
42.2
42.55
47.55
43.15
44.6
43.55
41.3
41.6
42.9
45.25
44.0
43.3
42.05
40.4
39.35
43.25
41.8
38.8
44.0
39.95
45.8
41.4
41.85
43.45
45.8
39.2
40.9
40.05
41.15
40.65
41.0
42.7
42.7
45.1
38.2
39.55
41.05
36.6
41.05
42.3
43.8
48.25
39.2
37.15
41.4
40.15
40.05
42.35
42.45
39.9
45.4
41.0
42.55
42.45
40.7
