7.75
14.45
19.25
21.8
17.7
19.95
19.95
14.7
15.9
15.2
19.5
23.05
20.2
16.05
13.9
19.2
17.15
16.15
22.7
26.75
31.65
29.6
28.85
29.6
32.05
30.3
28.45
30.5
33.55
32.6
36.05
29.6
32.45
33.0
32.1
32.7
34.2
33.15
34.2
33.65
35.35
33.05
32.45
32.1
34.3
31.7
32.5
34.45
32.35
32.8
32.4
33.45
31.85
35.9
30.6
32.7
33.9
33.95
31.75
36.15
35.0
28.55
32.3
34.45
30.7
31.6
34.05
33.05
30.25
32.2
32.2
31.35
33.1
34.75
34.5
33.3
35.5
28.5
33.95
33.0
30.95
31.85
33.9
35.45
34.45
34.95
33.7
30.85
35.0
36.05
32.15
32.75
35.9
36.25
33.9
32.45
35.6
32.8
34.6
35.4
36.1
32.25
32.2
36.8
36.4
35.6
35.8
38.0
36.3
36.25
36.95
37.85
34.65
40.05
36.85
37.1
38.05
42.1
35.65
37.55
37.75
40.15
36.3
37.1
38.1
35.3
36.8
39.45
36.5
40.3
41.85
37.3
39.55
39.15
38.5
41.4
39.25
40.45
33.5
39.95
37.55
40.9
34.2
39.2
39.1
37.05
38.45
41.6
33.9
40.95
37.8
41.0
40.9
39.8
39.25
37.65
42.35
41.5
43.1
37.75
40.95
38.2
40.85
41.2
39.4
40.15
39.8
32.8
42.9
40.35
44.05
39.35
39.35
39.0
38.05
36.8
40.95
39.8
38.95
42.1
38.85
40.75
41.1
40.95
39.25
40.7
40.85
41.5
41.7
39.15
38.85
40.0
39.05
39.8
37.1
40.3
41.25
37.35
39.65
43.65
40.65
41.65
37.45
39.8
41.85
35.85
38.75
42.7
40.05
38.95
41.5
41.7
38.45
40.65
38.9
37.2
41.45
35.8
36.95
39.6
38.0
37.75
36.45
41.8
40.05
42.6
42.25
42.1
36.2
39.1
40.05
40.3
37.15
42.15
39.9
36.7
36.0
37.9
35.2
42.1
41.2
38.85
42.7
44.9
37.8
41.7
40.4
45.3
38.0
40.55
37.9
41.55
37.35
35.4
38.9
36.55
40.05
36.8
39.3
35.1
41.95
35.4
32.8
36.9
38.75
35.3
40.9
36.0
42.65
40.6
41.1
42.15
37.9
41.85
42.65
42.35
40.3
35.75
39.7
40.75
41.25
41.45
41.7
37.85
41.15
41.9
43.65
40.85
45.75
41.45
40.2
40.75
37.85
42.9
40.3
39.05
40.0
38.7
40.95
39.65
37.15
39.2
39.2
43.6
41.55
40.3
38.65
41.2
40.5
41.4
43.95
41.55
40.05
39.2
42.15
40.75
43.75
40.85
40.85
41.15
41.8
36.75
40.15
40.7
38.1
41.9
42.2
41.75
34.55
37.0
41.5
40.3
39.3
40.65
36.8
37.7
38.9
34.95
38.9
42.0
37.65
36.0
35.85
35.9
36.25
41.65
39.0
40.75
40.35
39.5
39.8
42.0
40.1
35.5
41.0
37.4
31.2
40.4
41.1
40.25
44.3
40.8
37.4
33.3
38.6
41.65
41.7
40.35
44.15
41.85
42.75
43.0
40.25
42.65
40.2
43.45
40.0
35.25
44.55
43.1
41.05
40.2
38.95
45.1
39.7
42.65
36.5
36.85
40.3
36.45
39.4
35.45
40.65
42.15
43.0
41.4
37.7
36.45
39.1
38.3
41.65
39.3
37.35
42.45
40.5
40.85
39.8
45.25
44.6
38.05
39.4
42.65
37.65
39.4
41.9
40.15
41.75
38.1
41.55
40.3
38.3
35.55
36.3
42.75
37.75
41.5
40.65
39.65
35.75
37.45
46.35
39.8
39.25
35.1
40.6
40.25
37.4
40.0
40.25
37.2
37.65
39.0
39.65
36.05
43.65
38.45
38.75
36.5
40.75
43.6
41.7
39.3
44.65
37.1
41.8
44.15
43.65
41.95
34.85
42.65
41.1
38.05
37.55
40.85
40.45
41.85
39.15
43.6
42.1
40.0
40.7
42.25
40.1
42.25
40.8
39.05
41.55
41.95
40.7
40.7
38.95
43.35
40.05
39.1
41.05
38.75
38.75
42.2
43.25
43.05
38.8
41.0
39.65
40.1
44.35
43.0
38.2
41.7
40.6
35.75
39.0
42.3
39.0
39.05
43.15
38.85
38.65
36.95
38.9
40.1
41.1
40.95
39.15
38.9
37.5
39.1
42.4
39.8
40.95
43.65
40.65
40.75
41.15
39.6
41.05
37.65
42.8
38.2
40.1
43.85
37.05
37.7
38.9
43.15
42.15
40.85
42.05
43.0
39.1
38.75
40.05
35.25
40.25
40.1
40.0
41.3
39.7
35.6
41.45
38.75
35.25
39.15
41.95
42.75
39.1
42.3
33.8
42.95
39.95
43.75
40.1
36.45
39.9
43.0
41.0
42.4
42.5
41.1
44.75
40.3
41.35
43.25
39.5
41.1
41.2
40.95
39.7
39.65
39.65
42.6
42.45
42.7
43.5
36.65
40.75
41.95
40.8
37.6
44.1
39.8
42.35
34.65
37.75
38.55
39.55
40.5
35.25
35.25
32.4
38.05
39.55
42.8
39.4
41.8
36.05
39.4
40.1
38.7
44.0
37.85
40.55
40.65
40.35
40.3
35.15
38.3
37.45
43.4
42.8
39.1
37.65
41.45
40.6
42.2
43.1
41.45
44.8
40.45
40.9
40.95
40.3
36.25
39.4
38.95
38.5
40.3
41.2
40.9
40.95
41.4
41.8
35.65
38.7
41.3
39.15
35.25
37.65
36.95
37.05
34.65
37.2
40.6
38.9
32.9
40.35
39.3
38.9
35.45
42.8
43.9
36.8
38.0
41.45
40.0
38.75
40.05
42.6
40.2
38.6
40.15
39.65
38.2
40.65
41.35
35.15
42.25
32.3
34.4
40.95
40.85
35.15
42.2
38.1
40.9
42.8
44.35
37.0
35.3
43.2
37.55
43.6
42.25
38.65
40.9
42.95
36.05
37.85
41.5
39.9
36.5
40.55
40.15
42.05
36.0
42.75
41.55
40.05
39.05
37.75
36.9
40.2
40.15
39.1
43.8
39.25
40.0
42.3
39.8
38.8
41.5
35.9
45.15
34.7
42.2
40.15
40.85
40.5
41.15
38.0
41.2
40.05
38.05
41.7
38.25
42.4
35.85
39.9
37.45
44.35
38.4
45.35
43.0
38.5
43.55
32.75
40.55
38.85
40.75
39.0
41.75
39.65
42.5
31.0
42.3
42.4
37.35
44.15
43.6
45.0
41.8
39.6
43.4
38.3
38.95
44.4
31.95
37.75
38.95
40.75
39.8
44.4
38.5
39.85
37.85
39.95
40.15
38.9
39.0
41.55
36.9
38.1
37.5
42.4
43.9
40.9
43.1
39.7
43.65
38.7
43.0
40.75
46.0
41.85
41.5
40.8
39.55
42.2
41.85
43.45
40.8
42.45
42.95
43.6
39.8
36.75
38.4
40.4
39.9
40.65
44.35
36.65
34.05
39.35
37.55
40.45
34.15
38.45
41.2
40.35
41.8
34.2
41.05
45.9
43.4
40.65
43.95
40.65
40.75
42.35
39.9
38.85
38.6
39.45
41.2
44.0
41.1
39.9
42.05
40.7
41.25
41.95
40.05
36.6
41.65
42.4
41.75
41.7
38.35
45.45
37.25
40.2
40.7
41.0
41.75
38.2
40.6
46.0
42.5
38.4
38.2
43.25
42.25
39.85
46.95
41.65
40.1
41.75
38.95
38.15
39.5
41.8
41.5
41.7
41.8
41.6
41.0
44.35
45.4
43.8
41.6
42.85
38.3
37.35
40.6
35.75
39.5
40.4
41.4
45.4
40.45
38.55
39.45
35.4
40.1
43.55
39.65
36.45
38.85
40.7
39.9
37.6
37.95
45.2
39.3
42.2
41.1
40.4
41.85
41.55
39.2
43.85
41.0
42.45
37.0
38.3
41.65
39.45
38.75
37.3
42.05
40.75
39.15
41.55
38.0
40.5
38.1
33.95
40.9
42.3
40.25
45.25
43.5
39.55
42.65
42.6
40.05
38.05
41.35
39.6
39.75
39.7
40.65
41.25
38.85
43.3
40.4
38.0
38.15
36.75
42.65
40.35
38.8
37.5
41.7
39.2
37.9
40.95
43.05
40.55
43.1
35.7
45.25
43.05
39.45
46.05
39.85
40.25
37.6
36.3
31.85
41.55
39.65
36.15
40.0
38.85
43.15
38.55
41.35
36.35
39.85
39.75
41.6
38.85
40.25
39.95
37.8
40.75
38.15
39.45
39.85
39.05
36.15
36.55
42.65
39.4
37.55
38.75
39.35
39.8
