11.1
24.2
31.05
31.05
33.15
31.6
31.35
30.2
31.35
31.6
33.4
30.45
32.2
30.3
34.1
33.55
29.15
33.55
33.1
31.3
30.9
31.05
32.75
32.25
32.0
33.65
33.3
32.6
32.5
27.1
29.75
34.35
32.5
33.55
33.05
32.8
31.4
32.4
32.5
32.85
29.8
34.55
32.75
32.25
34.3
34.55
35.2
37.45
33.75
35.4
36.4
34.1
35.8
35.15
31.6
34.75
30.4
37.05
36.5
36.35
31.55
34.5
34.6
36.35
32.85
33.75
38.15
36.55
34.8
33.6
34.6
38.85
37.35
34.95
39.7
35.65
34.7
31.3
33.7
35.05
34.0
34.25
29.85
30.25
29.5
32.9
36.95
35.5
33.35
35.85
34.45
35.4
35.65
31.5
34.45
37.05
36.0
36.8
37.75
36.6
32.7
31.15
35.8
35.6
37.15
37.4
34.9
34.9
35.1
33.9
38.7
39.05
39.45
38.7
37.7
37.9
35.2
35.6
35.3
36.9
36.3
39.4
37.85
39.45
37.6
35.4
34.3
40.25
34.55
39.3
36.25
38.0
35.4
39.25
39.7
36.2
36.75
36.95
41.75
37.65
41.05
37.35
34.5
37.45
36.95
36.0
36.95
32.5
38.2
40.0
39.05
35.45
34.45
36.2
36.4
36.5
37.5
32.7
35.5
33.05
37.85
37.35
32.4
36.65
42.0
39.65
40.2
38.45
37.35
36.35
36.4
39.6
36.05
32.8
33.5
33.6
37.3
38.85
35.0
35.95
35.15
39.85
36.15
36.15
36.1
35.8
37.5
35.4
36.5
36.8
38.7
38.4
39.25
36.25
35.1
35.95
37.9
37.0
33.25
35.4
35.85
37.7
37.95
35.0
40.4
33.9
36.8
38.2
38.2
32.85
35.7
38.0
40.0
38.55
37.1
38.45
36.85
36.0
37.15
38.25
37.95
38.05
36.2
38.2
40.05
39.35
38.9
41.85
36.75
37.05
41.85
38.35
36.45
36.7
39.6
36.8
35.5
38.5
41.25
37.3
40.8
37.55
39.0
39.35
39.3
36.8
38.15
39.6
43.35
36.55
39.6
38.5
40.6
39.1
39.6
38.85
40.05
41.35
35.05
38.8
35.8
39.8
37.3
39.05
36.0
39.1
39.2
40.35
39.2
39.8
43.5
42.7
39.8
39.0
40.7
41.75
38.45
35.2
40.65
41.75
40.95
42.3
37.1
36.05
40.3
39.45
36.95
37.8
42.7
35.9
39.25
37.7
40.0
40.25
41.35
38.2
37.85
40.45
39.35
40.25
40.5
41.7
38.0
41.3
41.75
39.3
40.7
42.65
34.4
39.45
39.3
41.3
37.9
43.7
38.9
38.55
41.9
39.2
41.55
40.5
39.1
37.55
38.25
39.4
40.55
37.75
42.15
39.35
35.65
41.05
41.15
38.8
40.25
40.05
41.05
38.05
40.5
40.65
38.9
41.25
38.45
41.75
40.65
42.25
43.75
36.6
41.25
38.75
40.1
42.5
41.7
40.0
43.25
36.7
40.6
44.5
38.85
39.8
43.3
39.6
37.8
39.85
37.1
40.4
40.5
40.1
40.5
38.65
43.5
38.75
41.5
40.8
38.85
40.5
39.65
38.4
39.65
41.7
36.5
42.35
41.1
40.55
38.7
38.5
39.75
37.65
46.15
38.4
40.9
39.85
38.65
38.75
42.1
38.05
40.35
41.65
39.6
39.5
38.55
40.8
39.95
43.65
38.95
36.95
40.25
41.5
42.3
40.7
41.1
37.65
38.85
41.65
41.6
38.3
39.6
43.55
42.0
39.65
41.0
39.4
42.0
41.4
42.65
40.35
41.4
41.05
42.65
37.75
39.45
42.15
42.9
41.15
40.2
41.6
42.5
42.35
39.05
41.05
42.1
39.2
39.65
39.55
37.25
43.25
40.15
45.7
38.25
40.7
41.8
41.4
39.75
40.15
38.5
40.75
38.85
38.15
38.25
42.2
44.15
44.1
40.4
40.9
39.15
42.2
42.7
42.0
41.3
39.9
39.9
38.1
39.0
39.65
42.7
41.55
37.65
36.45
39.35
40.45
36.65
41.55
42.8
41.9
37.65
38.2
42.25
40.3
40.85
39.25
42.6
42.85
39.7
39.9
40.2
40.6
42.85
42.4
39.35
39.3
40.7
40.4
42.65
42.8
41.95
36.4
42.05
41.7
39.75
40.25
42.2
42.6
42.8
43.05
40.35
41.8
39.15
42.85
44.15
42.2
36.1
41.3
39.25
42.1
41.15
38.95
41.2
40.5
43.3
42.6
41.85
37.75
39.75
42.5
38.45
38.35
41.2
40.65
42.05
41.7
39.1
37.35
41.05
40.35
42.45
42.2
41.3
39.85
38.1
42.2
43.95
42.5
36.35
41.1
40.25
40.85
42.5
39.5
38.25
41.85
41.5
39.8
40.1
36.45
41.9
38.9
39.4
40.2
41.1
40.8
42.85
38.85
41.2
37.65
42.0
38.5
39.4
38.9
40.55
39.35
40.55
39.8
38.15
41.6
40.35
37.8
39.55
41.85
42.75
42.1
38.85
44.3
41.35
40.85
41.1
39.65
38.0
36.2
41.95
41.15
39.85
44.35
38.6
40.8
41.15
41.7
38.25
39.35
37.7
42.75
37.7
44.9
40.65
38.1
41.4
44.6
40.6
42.6
42.7
40.95
39.1
42.45
40.5
38.85
40.25
42.2
39.25
42.3
38.5
42.95
41.75
42.25
43.95
41.2
39.55
38.8
40.6
40.8
45.15
42.15
36.6
39.3
42.8
40.15
43.4
41.9
41.1
41.55
40.25
39.45
47.15
42.4
38.6
38.5
39.7
38.85
43.45
41.7
40.8
42.9
42.1
37.55
43.35
40.8
41.25
41.3
41.75
44.55
41.6
35.95
39.45
42.0
40.3
37.85
42.1
38.0
40.6
42.65
40.4
42.25
40.9
42.2
39.75
43.0
37.85
39.3
33.5
39.3
36.7
43.65
43.7
40.65
43.85
42.0
42.7
40.6
42.25
40.75
41.85
40.45
41.2
41.85
39.0
41.25
43.45
42.4
40.3
42.85
45.1
42.75
42.45
38.55
42.15
40.3
39.85
40.4
41.05
38.05
38.55
43.3
40.25
41.3
40.35
44.75
38.4
40.55
42.5
40.2
40.15
40.25
44.15
41.65
43.9
41.15
38.3
40.25
38.3
44.0
40.85
39.6
37.7
36.15
42.7
41.45
43.9
36.4
36.15
39.15
40.85
40.85
42.25
42.05
38.0
38.85
40.55
40.4
40.35
44.05
42.6
39.55
38.55
40.5
39.35
44.25
39.4
38.1
37.15
38.35
38.9
41.75
38.3
43.8
41.35
38.85
37.75
37.4
42.05
40.55
38.3
38.25
37.15
38.35
42.4
37.55
36.95
42.35
40.9
40.55
40.3
37.95
42.85
42.45
38.55
36.25
37.1
42.7
41.15
38.8
42.65
40.6
43.75
42.0
41.5
40.75
39.65
42.25
41.25
40.55
38.15
38.5
38.35
38.6
39.1
41.5
42.1
40.15
38.85
39.0
41.85
37.0
40.9
40.2
41.65
37.4
39.7
37.7
41.15
41.5
39.85
39.7
42.75
40.95
38.35
41.6
41.6
38.45
40.25
35.75
36.45
41.4
40.75
40.6
42.05
41.35
39.6
41.9
43.3
38.35
37.35
40.25
38.8
43.35
39.8
40.35
43.65
37.9
38.2
43.5
41.35
39.85
36.55
38.9
41.15
38.45
39.85
37.9
41.8
40.55
41.45
42.1
42.25
40.25
39.4
40.9
43.5
39.35
39.75
40.6
41.1
42.4
39.65
41.6
40.25
37.0
40.4
39.05
40.4
40.95
38.5
42.35
40.0
40.15
40.1
40.6
44.4
40.25
39.15
38.4
40.25
40.35
38.6
39.15
42.4
39.1
40.6
40.95
41.3
42.9
39.7
38.0
36.5
41.6
41.0
40.3
41.6
32.4
40.2
40.65
41.0
41.7
39.65
39.9
43.1
36.35
41.65
38.0
41.5
38.85
40.05
39.05
39.55
39.8
44.95
40.35
42.55
34.4
36.45
40.9
41.6
39.75
40.65
40.95
37.2
40.3
42.3
40.8
40.9
41.0
38.35
41.9
41.35
39.4
39.05
39.2
43.55
42.1
43.8
42.75
40.45
40.8
40.8
41.75
40.65
39.8
42.4
42.05
40.3
38.5
42.2
43.55
39.55
44.05
37.65
42.25
38.95
40.9
40.05
41.4
39.15
39.85
41.3
41.25
42.5
39.5
45.8
34.85
39.0
40.5
41.8
40.05
38.9
42.25
44.2
36.55
43.65
40.9
41.85
39.0
40.05
42.25
43.0
