2.65
4.9
3.7
5.8
26.25
29.8
29.25
28.7
29.05
30.45
31.3
31.1
31.95
30.5
28.6
29.4
28.5
26.8
29.05
32.75
33.85
32.65
33.2
31.55
33.55
31.45
36.55
32.85
35.4
31.8
35.35
30.35
32.5
34.15
35.75
31.2
33.65
38.3
37.1
35.4
32.2
34.05
33.8
35.35
33.3
33.15
33.15
32.25
31.55
33.35
35.55
33.75
34.0
33.6
35.85
33.35
38.8
36.4
31.45
38.45
35.3
35.85
34.3
36.2
37.5
34.65
37.45
38.3
34.75
37.0
34.6
38.85
37.15
33.3
37.4
34.6
34.65
38.65
34.0
36.8
31.5
36.8
34.8
38.3
37.4
38.65
33.2
36.2
41.7
38.35
37.0
36.75
36.95
37.05
39.95
35.7
36.45
37.85
38.45
35.15
35.15
36.35
36.6
35.5
37.1
35.3
40.9
35.8
35.5
37.45
37.8
36.3
36.8
38.8
37.8
32.5
37.35
36.3
38.45
39.05
34.0
37.5
36.2
37.7
37.55
36.75
38.5
37.6
39.65
32.9
38.75
37.05
34.95
38.25
35.45
36.5
36.3
36.65
38.95
38.1
32.75
39.15
32.55
39.85
32.75
32.9
34.8
37.4
38.55
41.5
37.4
36.65
37.4
35.95
39.65
35.05
35.15
38.65
35.75
38.5
38.55
36.7
39.7
37.35
37.9
37.9
34.75
33.9
36.15
37.55
38.0
36.2
39.0
32.0
32.15
36.65
37.35
39.4
33.5
33.5
34.05
38.25
38.35
35.2
37.15
36.4
35.6
34.85
35.0
37.8
36.1
36.05
38.1
35.95
36.0
38.7
34.9
37.6
37.95
34.75
37.3
37.6
39.6
42.05
35.75
36.25
36.85
38.1
36.45
39.9
37.7
38.4
36.35
35.25
35.25
35.95
37.45
35.0
39.35
41.1
36.05
37.6
37.45
31.05
33.75
37.55
33.2
37.75
40.1
40.7
31.85
37.3
40.5
36.55
37.05
39.45
37.0
38.8
37.7
39.0
39.05
36.45
37.6
33.5
38.65
37.7
36.45
37.1
37.4
40.2
39.5
38.15
34.95
35.45
38.3
40.3
43.4
38.9
38.5
35.0
36.45
38.8
36.5
38.3
41.35
35.6
35.35
38.0
36.35
34.2
36.35
37.85
39.35
37.45
37.15
37.25
37.2
36.55
34.75
37.95
39.65
37.25
37.25
37.35
39.15
39.1
35.55
37.25
39.05
39.7
32.2
38.2
37.35
35.75
34.1
41.8
36.85
37.75
34.95
37.95
35.5
35.6
39.3
35.85
38.8
36.85
33.5
39.25
38.65
41.05
36.1
36.0
40.35
33.05
40.6
39.35
40.45
36.25
38.5
36.3
39.95
38.7
41.15
34.25
37.25
37.35
38.4
41.2
37.95
40.2
38.95
38.45
38.0
37.85
40.05
39.95
41.5
41.6
39.5
42.6
36.65
38.1
36.85
42.0
38.8
38.9
40.95
38.2
40.9
38.8
36.3
38.55
38.75
40.55
39.7
39.85
33.5
37.95
36.2
43.6
34.85
37.95
41.2
38.8
38.7
41.2
38.65
37.5
41.3
35.35
35.6
38.85
36.45
36.45
40.45
38.55
44.05
38.8
41.05
34.15
39.45
37.05
36.75
37.95
41.3
38.85
37.75
36.4
38.0
41.1
42.2
40.4
41.45
40.8
39.55
36.55
40.95
35.4
34.35
38.25
42.3
32.75
38.85
30.7
38.85
37.7
42.8
38.85
38.8
39.35
39.55
40.05
38.85
37.85
40.05
40.45
38.25
41.4
38.8
42.1
36.8
40.15
39.6
40.15
40.6
37.75
39.75
37.6
41.9
39.1
41.55
44.45
41.65
38.8
37.5
41.05
36.95
42.25
38.9
39.8
36.45
38.15
39.45
37.75
38.65
40.65
44.15
42.15
40.7
38.85
41.25
40.65
42.5
40.45
36.6
41.65
37.5
39.95
43.1
38.7
40.25
43.65
41.5
39.8
40.85
40.05
41.5
40.7
42.45
39.9
41.8
40.85
39.45
39.45
40.35
40.9
43.15
38.4
38.6
37.9
43.6
42.05
39.9
44.95
41.35
41.95
42.45
39.8
37.5
42.9
42.1
39.5
41.35
39.45
38.6
38.65
37.65
45.5
39.15
42.5
40.05
46.75
42.25
40.3
38.7
39.65
40.8
41.15
40.5
35.1
42.3
39.55
37.4
33.35
44.5
40.45
35.2
36.85
40.25
43.95
40.9
41.45
39.0
40.75
38.5
38.2
38.25
41.2
38.5
42.65
38.45
41.8
39.4
38.9
38.55
44.1
38.85
42.45
40.9
45.4
41.45
41.8
40.15
40.5
35.95
39.55
39.8
40.35
37.05
37.85
41.15
40.7
41.2
43.8
39.5
42.6
37.0
35.85
39.15
33.1
39.85
40.1
42.05
38.15
43.55
42.3
41.3
36.0
39.65
34.2
38.35
42.1
40.95
38.1
40.05
40.65
43.3
42.8
34.5
41.65
36.8
44.5
38.95
41.75
40.95
41.05
45.1
42.05
43.55
41.3
35.4
36.65
42.4
39.85
39.1
37.1
41.25
42.45
40.55
43.1
33.45
44.6
38.3
41.6
40.35
42.6
40.4
45.3
40.05
38.35
39.8
43.9
43.4
44.1
41.05
38.4
43.25
40.2
39.25
37.2
40.55
44.1
42.35
39.5
42.4
45.05
42.75
41.9
41.35
42.8
41.2
44.15
39.6
38.45
39.3
42.45
43.1
43.95
39.35
40.2
44.6
40.95
46.35
42.8
39.85
43.25
43.15
38.3
44.75
42.95
44.05
40.85
41.9
44.2
40.4
45.3
41.7
41.65
41.1
41.7
41.9
43.2
43.6
40.75
40.5
43.0
42.25
39.4
46.55
42.0
41.6
45.15
41.4
40.15
42.1
41.45
42.6
42.15
41.4
42.25
42.3
36.8
42.7
40.65
41.35
39.15
41.8
39.1
44.85
40.45
39.15
45.75
43.7
44.2
34.95
41.7
37.9
39.5
40.4
42.05
40.9
39.0
44.15
41.65
42.35
38.85
42.0
40.25
39.5
40.8
41.7
40.85
35.7
37.8
43.5
44.3
39.6
43.15
39.5
40.85
36.55
37.5
45.65
42.35
43.0
42.45
38.7
42.65
38.4
39.95
42.2
39.45
42.85
39.3
44.25
40.7
39.65
44.1
40.7
44.75
37.6
39.55
42.9
38.7
41.45
40.9
43.45
44.05
44.0
36.95
35.95
40.8
41.5
43.4
42.5
36.8
43.15
41.45
40.7
38.5
40.85
36.3
38.75
40.45
38.0
43.1
39.25
40.1
44.2
42.0
40.35
41.1
44.7
38.1
42.1
43.25
43.6
40.95
41.15
42.2
38.8
40.0
39.85
43.95
39.25
39.7
39.95
45.95
39.5
44.65
39.2
39.5
40.0
40.25
40.2
43.35
39.7
40.5
42.95
39.4
36.9
41.95
44.05
42.8
44.6
41.6
42.8
41.7
41.15
35.65
40.85
44.55
41.85
40.9
42.45
39.65
43.5
40.95
39.8
40.15
43.95
39.65
43.0
42.1
41.1
42.7
40.8
43.75
39.0
43.75
42.1
35.5
42.6
42.1
42.55
40.05
41.0
40.0
42.2
43.45
39.7
45.65
44.55
44.0
41.45
43.55
39.0
37.15
42.7
39.8
42.45
40.2
38.3
42.3
41.95
44.35
44.75
41.95
41.15
42.05
44.05
38.55
42.15
37.35
41.55
38.05
43.65
40.95
40.45
39.3
35.3
38.8
37.8
44.65
42.95
42.6
43.15
36.2
42.35
40.1
39.5
41.8
37.15
42.85
41.2
38.65
40.35
42.5
43.15
43.9
38.9
38.9
35.95
44.8
39.55
41.8
42.1
42.15
39.55
42.8
39.7
41.95
40.05
44.4
43.1
44.9
41.85
39.95
35.5
36.35
42.45
41.1
44.35
43.95
38.7
40.55
38.8
41.35
40.3
41.95
39.2
41.3
40.3
43.55
37.3
42.05
42.25
42.7
39.7
40.1
39.15
43.1
40.4
43.45
40.65
39.6
48.7
45.1
45.0
43.9
39.1
38.25
41.0
43.0
37.1
41.55
43.45
34.7
43.6
38.4
43.55
38.85
41.85
42.85
37.4
42.35
38.25
39.6
44.4
41.7
42.05
42.1
38.75
41.95
39.35
42.15
43.1
41.9
38.25
38.25
41.15
42.65
40.4
39.3
41.4
47.2
44.95
42.05
41.2
39.75
40.45
43.3
37.7
40.1
39.6
40.1
41.45
42.75
42.55
40.05
42.4
45.45
40.55
41.75
40.3
41.9
45.35
44.25
35.25
44.35
40.8
44.9
40.1
38.0
44.3
38.45
40.4
36.95
37.2
45.45
