6.5
10.6
19.05
22.4
28.6
27.75
27.3
26.95
28.7
28.35
28.5
27.8
28.2
30.1
28.0
26.9
28.7
26.3
30.35
32.45
32.2
32.35
34.1
33.1
32.95
33.4
33.8
34.4
33.0
32.5
31.45
34.6
32.85
32.3
34.3
33.65
30.4
33.8
31.65
33.75
32.95
33.75
31.5
33.75
31.15
35.4
35.15
31.85
33.8
34.7
34.15
34.2
36.95
38.55
33.45
35.95
38.55
35.6
32.75
38.85
34.3
33.8
36.25
35.95
36.85
35.3
36.15
36.45
37.0
34.45
37.0
36.7
37.1
35.5
33.25
37.15
35.5
35.6
34.35
35.0
35.6
39.45
32.9
38.55
36.3
34.95
36.95
37.8
34.4
36.9
34.7
34.9
34.2
35.35
31.5
34.2
37.3
39.1
36.45
32.7
37.85
34.25
39.0
36.0
37.35
36.25
36.45
34.0
32.8
35.95
37.8
36.35
38.55
38.4
38.25
40.2
37.7
37.2
37.85
39.6
40.7
39.35
34.5
40.2
41.45
36.65
41.15
37.25
41.0
39.55
39.35
35.7
37.7
40.35
34.7
43.45
42.15
40.25
41.0
39.0
38.4
41.35
38.95
37.0
39.5
38.4
41.05
39.1
39.85
40.05
42.6
38.6
37.65
36.8
37.8
38.9
41.95
36.2
39.35
42.2
38.75
39.35
39.15
41.45
44.9
40.9
38.95
34.8
38.5
44.3
40.15
39.0
38.0
36.8
40.05
37.9
37.35
40.8
39.3
43.7
41.65
44.7
43.0
38.75
39.7
41.3
36.0
38.8
40.7
38.7
41.95
41.1
40.4
36.8
44.6
36.2
38.0
43.05
36.9
40.75
39.55
41.85
41.2
41.45
41.3
42.3
37.7
38.8
38.6
38.4
42.55
39.95
37.15
37.9
41.75
43.5
38.3
43.3
42.45
42.6
41.55
41.2
40.35
39.85
43.2
39.5
42.35
38.15
42.85
39.25
42.85
42.6
42.35
39.1
43.1
42.7
38.35
39.75
43.25
41.65
41.95
41.05
37.75
43.0
41.0
37.4
41.35
39.0
40.4
40.85
41.05
40.85
40.55
38.35
40.0
36.95
40.25
40.35
42.4
38.7
42.45
39.55
33.3
42.8
43.35
41.15
39.55
41.4
36.85
39.15
40.6
42.15
35.15
38.8
40.9
41.65
38.4
39.7
42.15
39.7
35.95
41.3
43.5
37.8
41.25
43.05
42.45
42.55
39.65
41.3
41.35
39.35
41.1
39.8
36.9
42.1
42.25
42.45
41.55
43.45
40.8
42.55
43.15
42.1
37.15
40.1
39.75
42.15
40.3
37.1
42.1
40.45
43.8
44.25
42.4
42.5
37.0
44.2
40.0
39.75
44.45
41.85
38.65
35.5
40.9
39.95
42.95
36.15
41.0
37.4
36.75
39.15
45.9
43.65
44.8
38.25
44.2
40.6
37.8
42.8
40.25
36.65
39.95
41.65
43.3
42.8
38.25
43.75
40.45
40.2
47.1
41.45
41.95
40.7
40.55
37.85
40.65
42.9
41.75
41.0
45.65
42.2
40.3
40.65
45.3
41.9
39.95
40.35
40.85
38.9
39.5
41.55
40.65
42.95
43.15
40.8
37.45
41.85
40.9
43.7
40.95
43.7
41.45
39.95
39.2
40.05
42.1
42.2
41.7
37.3
41.5
41.2
39.95
41.4
41.05
41.95
37.75
40.8
40.65
42.1
43.8
42.1
37.0
42.7
40.75
37.4
39.85
39.75
41.7
42.0
37.8
41.85
36.4
38.4
40.15
42.65
38.4
35.95
41.55
43.45
41.0
42.4
41.75
40.0
40.4
41.75
42.65
42.05
35.95
42.85
42.0
42.2
40.2
40.35
40.3
38.9
40.85
41.6
39.55
43.2
43.35
43.15
36.35
43.25
40.75
46.3
34.9
36.75
40.05
40.5
39.45
40.4
40.8
36.4
36.35
40.5
42.8
40.0
42.55
38.2
38.6
39.4
44.0
40.45
40.05
37.5
42.0
40.35
40.5
40.1
41.3
37.45
42.15
46.75
34.35
45.2
40.75
43.3
38.35
40.95
39.1
38.25
43.6
39.05
36.9
40.55
43.6
43.85
37.75
40.55
41.0
35.95
40.4
39.4
33.0
34.7
42.05
38.4
41.45
44.2
42.35
44.4
42.2
43.0
41.95
38.1
39.2
42.25
43.45
40.45
40.55
40.45
42.6
44.45
38.1
35.15
40.8
41.1
43.35
41.95
43.85
39.1
38.5
38.7
38.8
43.25
39.9
40.8
38.3
36.35
42.0
43.05
40.45
41.75
38.75
45.45
44.2
41.45
38.35
44.55
30.05
40.5
41.5
39.4
43.7
42.3
42.15
40.9
39.05
39.9
41.85
39.7
38.9
40.7
40.05
40.15
39.55
45.5
43.3
41.7
41.6
44.35
40.55
35.1
38.05
40.0
42.8
36.7
40.85
40.6
41.4
37.35
41.7
43.75
39.4
34.9
34.35
37.9
33.9
38.15
42.5
37.75
41.4
40.65
41.85
36.2
44.0
41.65
38.9
41.25
39.2
39.55
39.3
41.5
39.15
41.55
40.0
40.85
41.3
44.3
39.25
40.1
35.8
44.75
40.65
40.7
36.15
35.15
40.65
38.9
44.5
43.4
39.7
42.1
42.4
42.95
36.75
36.4
41.35
45.4
42.5
37.2
44.35
40.9
36.05
40.5
45.45
37.85
39.45
46.35
40.15
39.15
40.7
42.55
36.95
37.95
39.9
38.65
41.95
33.6
38.55
39.45
40.45
40.85
41.45
41.55
42.1
41.0
41.15
40.1
40.55
40.85
38.75
40.2
45.1
43.35
45.55
42.95
41.3
38.85
44.75
43.9
40.3
41.8
44.0
36.9
37.45
40.25
40.9
41.5
37.85
44.6
41.65
37.95
41.65
40.1
40.75
44.15
34.75
39.25
42.1
42.45
39.65
42.5
42.55
42.75
40.6
37.15
39.3
42.5
43.7
44.6
44.05
40.85
41.2
39.85
39.4
45.2
42.6
41.0
41.1
41.35
39.65
40.1
43.1
44.25
39.35
40.35
40.05
38.75
39.5
41.75
43.75
41.2
41.3
42.4
38.15
39.75
39.65
42.55
42.6
42.45
39.45
45.05
41.45
43.2
39.75
40.3
41.6
43.1
40.0
39.1
37.65
43.0
44.35
41.4
39.3
38.3
40.3
40.0
42.9
38.5
38.2
46.2
41.1
41.85
43.3
41.4
42.95
41.0
46.05
45.45
41.9
40.5
43.05
38.25
39.5
40.0
40.3
41.25
42.4
37.3
43.5
40.25
40.0
38.35
44.1
40.65
41.7
43.5
43.45
41.3
43.15
40.8
45.45
45.05
44.0
40.15
37.95
40.15
38.05
43.1
42.95
45.4
43.05
43.45
41.4
45.15
42.2
40.55
40.0
41.25
43.45
43.55
44.5
39.8
43.25
39.6
42.85
43.4
41.85
45.35
35.2
42.3
44.8
40.3
41.45
46.15
40.15
41.9
39.2
40.8
41.0
39.5
43.25
44.15
40.95
41.15
44.2
40.85
37.4
43.6
40.6
42.4
38.25
36.7
41.85
40.65
42.1
41.45
37.95
38.05
37.45
38.35
43.8
42.5
38.3
39.5
42.2
45.5
41.9
43.5
43.6
44.05
41.4
38.05
40.75
42.75
43.1
40.5
40.65
42.85
39.0
34.35
41.6
42.25
40.45
41.35
42.3
40.65
40.95
41.1
42.15
43.8
41.25
41.05
42.55
41.0
39.5
41.7
32.4
37.45
34.85
39.5
37.25
43.7
38.75
41.0
42.85
39.35
44.55
43.5
44.35
41.1
42.45
41.8
41.05
38.45
39.9
38.35
37.35
40.15
39.2
39.6
40.55
42.1
41.85
43.35
37.6
40.55
37.45
41.45
33.3
39.65
38.05
38.85
46.5
37.45
38.5
40.3
42.05
39.25
39.75
41.95
40.8
44.2
34.1
41.45
42.95
39.3
36.45
41.7
35.15
44.95
37.4
44.2
36.7
39.25
39.9
43.2
43.2
42.0
38.5
38.65
45.95
42.15
42.35
43.35
42.85
44.3
38.75
39.6
41.85
39.55
38.8
40.15
42.35
41.5
44.2
38.25
43.2
43.0
41.45
40.1
40.2
42.95
36.15
37.0
37.6
42.1
36.25
40.45
37.35
39.8
42.05
41.6
39.1
40.95
40.35
43.4
37.7
44.0
35.35
37.05
38.05
37.85
39.3
38.95
32.5
35.6
45.15
36.9
39.95
40.55
37.45
42.5
43.3
40.1
39.85
43.15
37.1
39.4
38.95
39.05
34.95
39.55
35.5
37.7
38.55
37.3
41.6
42.35
39.3
39.75
38.95
43.5
39.5
38.1
