2.2
6.6
7.1
8.6
8.05
8.35
8.4
9.75
8.8
9.75
9.5
8.25
7.5
9.4
9.25
10.3
8.4
10.15
6.65
9.85
7.7
7.55
7.35
11.7
11.05
12.65
14.85
13.0
12.45
11.2
12.45
13.35
13.8
11.7
10.75
14.0
14.7
13.25
15.05
14.75
14.1
15.3
11.55
15.8
12.35
13.55
14.0
13.65
12.45
12.6
13.1
11.95
11.7
13.35
14.1
13.6
14.45
14.3
13.65
13.4
13.75
12.5
13.0
11.3
13.15
14.35
13.0
15.15
12.95
13.85
12.5
13.5
13.75
14.5
14.9
14.3
15.35
15.3
13.0
13.0
15.3
13.05
15.7
15.3
13.45
13.15
15.05
13.6
13.4
12.9
12.7
14.6
13.65
12.3
13.45
13.3
15.0
14.45
14.5
15.1
14.35
13.15
14.65
15.5
15.15
12.95
12.05
13.0
13.7
13.9
14.8
14.25
16.75
13.35
13.85
14.8
13.9
14.95
12.15
13.35
14.2
13.6
13.0
11.4
12.65
12.6
15.9
12.65
14.4
12.9
15.35
13.8
14.45
13.55
14.5
13.15
14.85
16.45
14.1
14.65
13.75
14.7
14.8
13.8
15.2
12.95
13.1
14.3
14.8
13.4
14.35
13.25
17.25
13.45
14.1
15.25
14.95
15.7
13.35
14.85
14.2
14.95
15.65
15.55
15.65
14.5
14.9
15.0
13.65
16.2
13.75
16.45
14.6
17.2
15.1
12.15
14.95
14.3
13.7
16.2
15.2
13.7
14.15
16.15
13.9
14.25
15.95
14.25
15.1
11.65
15.1
15.75
13.4
14.4
15.15
16.8
15.15
13.3
14.0
14.4
15.6
15.25
15.9
14.5
12.35
14.15
14.4
15.8
13.35
14.75
15.3
14.2
16.5
13.4
15.9
14.65
14.95
12.75
14.2
13.3
14.65
15.95
13.9
14.0
15.55
16.4
12.35
15.25
14.65
11.35
14.45
14.7
14.85
15.25
16.6
14.45
14.0
16.9
15.5
16.85
14.1
15.1
13.65
15.05
14.2
12.9
14.95
15.75
14.95
15.3
14.8
15.2
15.85
15.4
15.15
15.95
15.8
15.65
15.95
13.75
14.6
15.75
15.9
18.2
16.9
15.6
14.85
16.6
15.9
15.2
15.95
14.5
17.15
14.35
17.2
15.15
15.95
15.05
15.2
16.2
13.05
11.55
13.95
16.35
16.5
15.6
16.9
15.8
15.4
16.5
14.25
14.35
16.25
14.65
10.85
16.25
16.7
16.5
14.1
17.45
15.15
15.1
11.65
13.3
16.95
13.35
16.3
14.55
15.0
15.9
13.6
15.0
17.0
16.05
15.1
16.75
13.85
14.4
14.65
15.45
16.45
16.95
15.85
15.1
14.6
16.15
15.75
15.0
15.1
14.8
14.75
15.55
13.4
13.35
17.05
15.65
16.5
17.2
15.05
15.1
13.8
16.85
12.8
14.05
14.2
17.2
16.75
13.75
16.15
15.75
14.95
14.1
15.7
15.35
14.2
16.35
15.6
16.0
18.85
16.1
15.35
14.8
13.6
13.1
16.3
14.75
14.9
15.55
14.75
14.0
14.65
15.0
13.8
15.4
12.6
17.35
14.85
15.9
14.9
15.95
14.9
18.05
18.0
16.8
13.45
18.6
13.9
15.0
16.8
14.15
14.45
14.05
14.4
15.2
14.15
17.0
15.5
17.85
16.65
16.5
15.45
14.9
15.4
16.1
15.5
16.4
18.9
10.35
15.3
14.7
15.0
14.75
12.4
12.1
15.7
14.65
15.8
16.3
15.4
18.25
18.15
17.1
15.35
17.8
15.65
13.25
17.55
15.4
17.2
15.8
17.35
15.45
16.25
15.55
18.55
17.5
13.4
11.55
12.55
14.35
16.85
14.8
15.95
16.05
16.15
17.0
16.45
16.55
16.5
18.15
13.85
13.4
12.6
16.85
17.65
16.1
13.7
17.2
16.0
14.45
12.3
15.95
15.65
14.85
17.95
17.85
15.55
14.75
14.9
16.75
18.5
17.85
17.0
15.4
13.2
17.55
15.3
18.5
15.2
16.65
19.5
15.6
16.05
15.45
13.8
15.75
19.1
15.05
18.9
13.95
14.1
17.7
15.85
15.25
16.45
14.7
17.7
15.25
15.6
14.4
18.5
15.65
17.25
14.0
16.05
17.6
16.9
16.3
17.65
11.65
13.25
15.85
13.85
15.5
16.4
17.15
16.5
18.3
16.9
17.1
15.35
16.8
14.6
18.35
17.95
17.7
13.45
16.7
15.3
16.7
15.05
15.05
16.2
13.7
12.65
15.6
16.3
19.55
15.9
15.2
16.5
16.55
16.1
16.05
15.1
17.0
14.15
13.45
17.4
15.9
16.4
16.35
14.65
14.9
15.05
16.45
17.9
13.1
13.7
16.7
16.15
15.6
16.1
12.15
15.2
16.2
16.1
13.4
14.15
13.0
14.5
15.4
18.45
15.35
15.3
15.2
15.4
15.25
15.65
15.7
15.9
15.2
17.55
14.95
15.5
13.7
16.7
17.15
16.5
15.05
15.25
16.6
17.8
16.05
14.45
15.95
16.0
11.7
16.45
14.0
16.1
15.1
15.95
16.55
17.65
15.8
14.1
12.2
12.9
16.2
15.95
16.45
13.1
12.9
14.8
17.4
12.85
15.05
16.8
11.95
18.65
16.05
17.4
12.3
17.35
16.4
17.9
15.85
16.85
16.8
14.5
17.1
13.55
12.1
17.3
16.05
15.5
16.4
14.75
16.85
16.05
15.75
16.1
16.7
16.05
18.0
15.3
14.95
17.2
15.55
16.45
15.1
17.4
16.1
15.4
11.8
15.0
15.3
14.1
19.5
17.1
16.6
15.8
16.1
14.75
17.35
16.4
16.95
14.25
15.65
13.95
14.0
18.15
16.35
16.6
13.8
16.65
13.9
16.3
15.65
15.05
14.75
11.75
18.45
15.15
17.0
16.4
14.1
16.5
14.1
15.8
15.6
17.0
17.9
15.6
15.4
16.55
17.95
13.8
13.45
17.95
14.35
15.75
13.3
16.9
16.7
13.9
12.75
17.8
13.2
15.05
15.05
15.1
16.3
14.25
17.1
14.3
17.6
14.3
15.45
15.4
14.3
13.2
13.5
16.55
16.75
14.65
15.35
17.3
12.2
15.3
15.35
17.7
15.7
16.75
16.3
15.9
14.25
15.95
13.8
17.75
16.5
13.6
15.35
15.55
16.8
14.2
15.85
13.65
16.6
16.05
18.85
16.3
17.0
17.2
17.05
14.9
15.1
15.55
15.5
15.1
13.75
14.75
14.1
14.45
11.7
14.1
17.9
17.85
17.25
15.5
16.2
16.8
17.45
14.7
15.35
13.35
13.85
16.0
18.3
17.45
15.45
16.0
18.0
13.0
13.4
17.45
14.05
18.0
17.65
16.9
11.5
15.3
17.7
14.55
16.95
14.65
15.75
14.0
15.9
15.1
17.35
16.3
16.85
13.5
16.05
17.45
15.3
14.95
14.3
16.35
15.75
14.7
16.6
16.5
18.9
17.15
16.75
17.45
15.7
16.45
20.0
14.7
16.15
15.1
15.7
17.9
15.85
15.6
16.15
12.9
17.55
13.4
14.9
17.1
14.6
13.9
17.25
18.15
14.85
17.55
16.4
19.55
17.0
14.75
16.8
17.6
15.75
16.35
16.9
16.15
14.05
15.75
15.65
17.7
15.95
17.2
13.45
17.1
16.15
13.8
16.95
14.55
12.95
16.0
11.2
14.95
16.8
15.3
18.5
12.9
16.4
17.0
15.5
13.9
17.8
17.35
17.35
18.3
13.05
15.65
15.65
17.85
15.7
15.9
15.0
14.9
14.4
16.1
15.0
13.3
16.1
14.5
16.55
18.25
15.7
16.45
14.3
17.25
17.8
13.7
15.45
12.7
17.2
16.1
18.45
16.8
17.15
17.6
18.35
18.0
12.4
12.95
17.55
14.2
15.25
16.95
14.5
16.55
17.75
18.25
15.1
12.85
17.25
14.2
16.9
16.7
16.4
18.8
13.85
16.55
18.2
14.05
18.85
16.85
15.6
14.95
16.65
16.55
13.35
13.35
16.8
18.75
13.2
17.55
12.9
16.95
16.75
16.6
16.85
15.9
14.65
14.45
16.45
17.0
15.25
15.2
16.45
16.2
16.75
15.9
14.6
16.2
16.35
15.65
16.0
18.05
17.6
13.75
13.35
15.7
16.1
17.85
17.8
15.75
16.4
16.9
16.6
11.6
15.3
16.95
14.6
17.75
15.85
16.7
15.35
15.1
17.0
17.05
17.55
17.15
17.4
14.15
16.6
17.15
15.0
14.4
19.45
15.4
