6.55
20.9
26.05
29.65
31.3
27.2
30.45
30.3
29.65
27.8
29.35
30.4
27.45
30.6
29.7
28.8
30.75
29.75
33.4
27.65
30.0
30.4
31.05
31.65
30.85
30.3
29.5
31.7
32.3
30.65
31.45
31.4
30.3
29.25
29.95
32.75
32.7
33.2
32.6
32.4
29.65
32.65
29.0
32.35
28.85
32.05
30.75
34.7
32.1
33.3
32.55
35.6
34.0
33.3
31.1
33.95
33.7
36.15
35.85
34.85
35.8
35.9
34.85
33.75
36.8
38.75
34.7
32.15
37.9
37.5
37.55
38.15
41.35
34.4
38.4
35.7
37.75
37.85
35.3
38.55
36.75
41.35
38.95
35.45
41.6
40.9
40.95
40.5
37.1
42.0
37.1
33.7
38.85
40.4
39.45
39.3
37.3
37.45
39.7
40.1
39.8
37.6
39.95
39.05
39.1
37.35
37.25
42.05
37.15
36.05
39.45
41.5
39.85
39.65
40.3
39.55
45.1
36.85
41.85
37.45
38.8
35.55
30.9
36.3
41.5
41.05
36.4
40.65
42.2
43.05
41.95
39.95
39.95
41.15
38.55
37.4
41.5
39.85
38.3
42.65
41.65
39.2
42.3
38.75
41.2
41.25
40.55
40.35
39.95
40.15
37.4
41.3
38.25
43.75
37.3
40.5
40.85
37.85
39.8
40.05
31.65
38.55
40.0
39.35
37.9
41.6
41.4
42.2
39.75
38.3
40.8
44.45
40.4
40.35
38.95
39.3
38.9
33.45
41.55
40.0
37.85
36.75
42.3
40.55
40.85
40.7
40.9
35.7
40.65
40.6
39.15
42.8
42.85
38.9
39.25
37.0
36.2
41.35
40.65
41.2
40.25
43.35
34.3
43.25
43.5
42.25
39.7
40.5
39.35
41.25
38.8
40.15
38.35
39.65
41.15
42.5
45.0
39.8
38.5
42.0
41.75
39.6
40.3
42.8
39.65
36.85
39.7
39.65
41.95
41.1
38.55
43.7
40.45
38.75
39.45
36.75
42.4
41.4
36.45
38.65
42.05
40.15
35.15
38.25
36.55
36.45
38.75
44.2
40.05
39.6
45.6
37.6
32.1
38.15
41.35
39.75
40.8
43.95
40.7
38.75
39.7
41.7
40.45
40.65
40.1
39.2
40.0
40.6
36.35
45.85
43.4
44.95
39.35
37.9
40.9
40.5
40.1
43.95
41.25
40.35
44.5
42.35
42.25
40.65
42.45
40.95
42.95
43.7
42.4
43.15
37.85
39.55
44.85
42.25
43.85
43.3
39.25
41.95
41.4
41.5
40.25
43.1
38.85
45.15
36.45
42.4
40.4
41.85
40.25
40.5
43.4
38.5
43.4
37.7
42.05
35.6
38.75
39.25
37.35
42.35
38.05
42.65
42.7
41.15
43.7
32.35
38.15
39.7
39.2
34.45
38.6
38.85
41.8
35.35
38.5
35.1
37.25
44.95
39.9
41.85
44.35
39.3
44.1
42.1
40.4
37.45
39.95
43.4
41.1
37.9
40.95
38.0
41.15
42.1
43.7
44.75
42.75
44.05
39.1
46.2
38.1
39.15
42.65
41.25
37.35
40.7
39.25
39.9
33.4
43.2
41.8
38.4
43.0
41.4
33.3
41.9
44.35
39.1
40.5
40.8
44.8
40.85
45.25
41.15
40.6
39.5
40.1
38.4
44.8
39.1
34.85
45.55
36.55
39.45
41.65
38.8
42.7
38.45
42.9
35.75
42.15
35.2
37.8
45.0
39.75
39.3
45.05
33.3
43.25
40.4
42.5
45.95
41.2
42.5
40.1
42.6
40.8
38.75
40.95
41.7
42.75
38.85
39.25
46.6
36.35
40.0
42.95
40.5
38.8
45.4
43.15
44.15
39.7
39.5
37.55
39.0
38.8
42.7
39.2
41.95
42.25
40.35
36.7
39.45
40.1
38.8
37.1
43.3
42.9
38.7
30.75
41.7
40.15
40.9
41.55
40.5
39.6
37.9
38.8
38.6
38.45
42.55
36.7
39.0
46.4
38.15
38.85
45.45
40.9
39.7
43.3
36.25
42.4
43.3
40.65
42.3
40.55
43.35
42.1
41.55
40.55
41.3
40.15
37.85
40.3
38.45
42.25
38.15
43.25
41.85
37.9
37.7
37.15
40.2
42.7
38.9
41.7
43.05
43.7
42.55
41.8
37.95
39.0
33.9
41.1
36.45
38.0
44.4
42.8
34.85
45.3
43.05
41.55
44.1
42.3
37.9
41.45
38.95
34.3
42.25
39.3
43.65
40.45
40.35
41.95
37.55
38.4
46.25
45.15
41.8
40.5
39.45
39.85
38.5
43.35
38.65
40.0
42.85
36.2
39.15
37.8
42.9
39.9
33.5
40.55
35.7
41.4
39.3
39.45
40.15
37.1
44.45
38.25
43.8
44.95
41.2
40.2
41.9
42.8
37.75
38.0
45.8
44.55
40.1
42.35
42.7
41.25
40.35
37.2
40.4
41.65
41.3
39.15
38.55
42.45
42.65
32.0
42.85
40.65
40.7
40.2
39.25
31.85
39.7
39.3
40.55
37.45
41.15
36.65
39.8
41.1
43.9
46.15
42.65
37.05
38.7
40.45
43.85
38.85
41.9
38.15
45.05
39.9
36.4
40.5
37.4
40.1
40.1
42.65
38.4
40.65
40.55
40.75
42.6
40.35
36.2
36.1
37.85
40.8
38.95
40.05
39.75
37.05
41.85
36.2
37.35
40.0
36.95
35.2
40.25
33.9
36.2
38.1
39.5
39.65
45.0
38.1
42.35
40.9
40.25
41.45
40.7
40.8
42.4
37.15
41.5
42.15
40.2
41.3
41.65
40.6
38.8
40.55
39.85
35.35
33.7
38.7
43.6
39.3
38.8
35.6
40.7
42.25
43.6
42.5
40.5
40.7
42.8
41.6
45.3
44.1
40.0
40.9
42.05
41.9
44.8
38.5
40.45
38.9
39.6
44.2
44.25
44.6
38.25
40.8
39.8
41.1
45.2
40.8
37.95
40.15
35.85
44.4
41.75
39.85
43.9
37.9
41.6
44.15
45.9
44.65
39.15
40.7
39.85
42.9
43.25
42.5
39.35
37.45
42.5
36.5
38.9
42.2
40.5
37.15
42.85
41.85
36.75
37.1
39.05
41.85
40.65
40.15
42.35
43.2
45.4
43.6
40.45
39.6
39.65
41.25
45.4
43.3
40.9
39.8
44.75
44.1
45.0
43.25
39.2
42.1
42.4
42.25
43.6
40.1
39.95
37.6
43.3
44.65
42.1
39.95
42.1
36.85
43.2
42.05
41.05
42.75
39.2
41.9
42.6
42.95
44.5
41.55
40.65
43.1
41.9
44.2
39.15
37.6
42.75
40.35
46.1
42.55
46.3
43.2
41.0
42.3
36.55
37.15
44.2
45.95
40.0
45.5
43.1
40.1
36.4
43.75
39.95
39.75
42.45
39.25
40.55
37.75
43.05
34.85
40.8
37.35
45.95
45.85
41.45
40.5
36.7
40.3
41.75
37.5
41.85
40.35
42.65
41.85
39.2
39.8
41.2
41.45
42.4
40.5
37.2
40.75
42.55
43.9
42.1
39.45
43.45
42.7
42.5
40.3
39.65
40.25
41.2
40.2
42.9
40.95
42.05
42.5
38.5
39.65
43.2
40.2
40.5
38.65
44.05
40.8
41.0
42.25
40.15
41.4
43.85
43.15
42.2
47.1
39.1
41.2
40.1
45.65
41.95
38.9
41.3
42.85
42.0
41.6
43.0
41.05
39.25
44.55
37.55
40.8
39.3
41.7
44.35
41.5
42.55
41.85
41.0
40.25
43.25
44.95
42.6
41.4
38.5
42.2
41.15
40.7
43.05
43.95
42.85
39.45
36.6
44.4
39.15
40.1
44.85
39.7
41.7
39.0
42.15
38.85
41.05
41.4
40.6
44.75
39.1
42.55
42.65
40.7
37.0
42.55
41.6
40.45
44.4
45.2
40.65
40.15
38.0
39.85
43.75
39.8
41.45
44.25
39.5
41.8
41.6
43.4
37.75
41.35
40.25
38.5
38.8
36.95
39.0
46.35
40.95
43.75
41.75
37.6
44.6
43.45
40.65
40.95
42.15
38.85
42.25
42.8
42.95
42.25
42.85
41.0
42.65
39.95
44.0
42.65
41.9
37.0
43.9
41.1
39.6
41.35
41.35
42.6
45.5
43.9
42.8
41.3
41.1
41.15
45.15
39.1
40.65
40.15
41.45
43.8
42.75
41.4
46.3
41.55
38.35
42.8
40.4
40.15
36.85
37.4
42.4
38.85
42.4
42.55
38.85
40.1
41.6
45.1
41.3
43.3
41.1
41.65
37.3
40.9
40.4
41.35
43.45
41.1
40.3
43.75
