2.7
3.75
3.45
3.1
3.2
2.5
2.75
3.6
2.95
3.8
2.05
2.65
1.65
3.6
2.7
4.2
1.55
2.15
3.85
2.7
1.65
4.3
5.3
4.6
5.6
5.2
1.15
4.05
1.3
2.5
2.7
2.15
2.1
1.9
2.95
3.5
3.25
3.85
4.1
2.3
2.7
3.95
5.25
3.8
3.8
3.55
2.3
3.05
3.5
3.85
4.45
2.4
3.3
4.3
2.3
5.25
4.25
4.95
2.75
4.8
2.3
4.4
4.15
4.8
3.25
6.3
3.95
2.75
3.7
2.45
1.5
1.8
1.85
2.2
2.55
2.65
3.1
1.4
2.45
3.2
2.95
2.75
2.4
2.15
1.25
1.5
1.9
2.05
2.05
1.9
2.6
1.45
0.45
1.45
1.8
1.6
2.3
3.15
1.6
1.25
3.9
5.4
1.65
2.4
3.1
3.9
2.65
3.25
2.95
5.9
5.3
6.0
4.75
3.3
2.7
1.95
1.3
2.05
6.2
5.35
4.75
6.15
5.55
6.75
5.75
5.1
3.85
5.2
5.15
2.7
4.95
6.2
8.45
4.7
5.0
5.7
5.7
4.85
6.9
6.2
7.45
4.75
6.95
4.85
7.6
8.65
10.35
2.25
6.0
6.45
6.2
4.55
4.75
3.6
3.65
3.15
5.5
5.65
3.8
6.6
3.55
8.0
7.65
4.45
5.25
5.55
4.0
4.1
3.1
7.1
3.9
4.5
6.9
6.85
4.7
5.65
5.35
3.05
5.8
7.25
4.3
6.7
5.5
3.1
3.0
2.2
2.75
1.65
4.1
2.55
1.15
5.4
3.4
4.8
3.25
4.65
3.25
2.7
4.65
3.5
2.95
6.9
3.4
4.3
4.2
3.75
2.1
1.2
4.65
1.4
0.35
2.75
0.65
2.05
0.5
2.25
4.75
4.8
3.6
4.45
5.05
5.0
3.25
4.6
5.4
5.35
4.85
5.5
3.25
6.05
3.75
0.4
2.95
4.4
1.55
3.7
3.3
2.25
2.15
3.15
4.95
3.55
4.1
3.95
2.8
3.55
4.65
6.2
5.85
6.5
5.3
3.85
4.0
5.75
5.6
4.8
3.15
5.7
1.7
2.0
3.2
2.5
2.3
3.7
3.0
2.3
2.25
2.1
4.6
4.2
3.45
3.5
2.0
1.75
3.5
3.0
2.55
3.45
2.4
3.05
3.6
2.35
2.05
2.9
2.4
3.2
3.75
3.15
3.05
2.85
3.6
4.7
2.2
2.65
4.05
3.05
3.45
3.65
2.3
1.25
2.45
1.8
3.3
2.1
1.75
0.45
2.8
2.3
1.95
2.7
2.85
2.25
1.65
3.05
2.35
1.6
0.95
0.9
0.6
1.2
2.55
2.7
1.0
2.4
1.75
2.3
3.25
1.25
2.45
1.75
2.65
1.9
2.05
3.3
3.1
1.15
1.9
2.3
0.75
1.4
2.8
3.7
3.1
2.9
1.35
1.25
2.55
1.95
2.35
1.5
3.4
1.0
1.85
0.35
1.1
0.25
0.15
1.3
0.8
0.45
2.55
2.0
2.0
0.85
2.95
1.9
3.65
1.35
1.0
1.55
0.8
0.8
2.4
0.75
1.05
1.95
4.05
1.0
2.15
0.95
1.6
0.8
3.5
0.85
3.0
2.8
4.2
4.45
0.85
2.05
3.85
3.4
4.05
2.05
1.5
3.5
1.6
2.2
2.9
1.5
2.55
1.15
0.75
0.75
1.1
0.65
1.0
1.0
1.0
1.2
0.7
0.8
0.6
0.2
0.4
0.9
0.75
1.2
0.8
0.65
0.3
0.55
0.95
0.8
0.35
0.35
0.35
0.65
0.65
1.0
2.7
0.8
1.4
0.75
2.95
0.65
0.8
2.1
0.6
1.55
2.0
2.5
4.4
1.8
5.2
4.75
2.45
2.5
1.15
1.7
0.9
1.3
2.85
2.8
2.1
2.0
1.2
2.1
1.05
0.8
0.5
2.1
2.2
1.3
2.65
2.7
1.35
2.7
3.85
1.25
0.7
0.85
2.05
1.0
1.9
0.55
3.5
4.25
0.9
3.85
0.5
1.45
1.2
1.4
0.4
3.65
2.25
1.05
1.55
1.45
3.35
1.7
2.15
2.25
4.35
1.5
4.0
3.0
2.9
1.55
3.15
3.9
4.3
2.75
3.7
1.8
2.35
3.0
2.3
2.1
1.9
2.6
4.8
5.0
2.85
6.9
5.45
2.35
3.95
3.1
6.3
4.7
2.35
2.7
4.5
5.0
2.7
2.75
1.7
1.9
2.9
2.75
2.45
4.7
2.75
3.5
4.3
2.2
4.35
1.2
2.55
2.7
2.7
1.15
2.65
4.9
3.35
1.8
1.15
1.5
1.3
1.0
0.65
0.7
0.35
0.9
0.35
1.55
1.05
0.75
0.2
1.0
0.35
0.75
0.5
0.65
0.75
0.6
0.7
0.15
0.2
0.15
0.35
0.2
0.5
0.35
0.4
0.25
0.45
1.5
0.1
2.5
2.5
4.05
3.85
2.35
1.65
1.05
4.85
2.3
1.25
0.45
2.1
1.2
2.35
3.9
4.4
5.4
4.5
3.25
6.05
4.6
3.9
2.75
4.55
2.2
6.65
3.55
1.8
5.75
1.6
7.25
3.9
7.0
5.25
4.4
4.4
4.45
1.4
4.3
6.35
7.1
6.05
5.0
5.7
2.3
1.25
3.45
4.25
2.35
4.55
3.6
5.4
2.4
1.9
5.85
5.1
3.7
4.6
3.9
1.4
4.8
3.0
3.7
5.25
2.25
1.9
3.35
2.95
0.55
2.75
1.0
0.6
0.6
0.5
0.25
0.6
1.0
0.25
0.1
0.3
0.75
0.25
0.35
0.55
0.2
0.35
0.15
0.05
0.1
0.1
0.1
0.05
0.25
0.55
1.6
0.3
0.6
3.7
0.95
3.35
1.1
3.6
2.85
4.25
2.75
3.55
2.2
0.45
3.35
1.2
3.55
1.95
1.4
3.55
3.95
3.5
0.6
0.6
2.05
0.85
0.55
1.25
1.35
0.65
0.45
0.15
0.05
0.5
3.35
2.75
4.65
2.65
3.25
2.05
4.35
5.2
3.3
4.0
2.45
1.0
0.45
1.4
0.15
0.55
0.55
1.1
1.3
1.0
0.35
0.85
0.4
0.2
0.55
0.5
0.0
0.8
0.4
0.5
0.5
1.15
0.5
1.15
0.55
0.7
0.5
0.25
3.6
1.85
4.15
3.8
1.2
1.9
1.35
3.15
3.65
1.55
2.95
3.35
0.45
2.25
2.55
0.35
3.5
2.8
0.6
1.6
0.55
0.75
1.3
0.7
0.8
0.3
1.2
0.6
0.3
2.8
0.7
0.8
0.6
0.9
0.6
1.15
2.15
3.15
2.15
2.25
0.6
0.85
5.0
1.45
1.4
4.55
4.0
3.0
1.55
2.75
3.0
2.1
0.65
1.75
3.6
3.4
1.5
3.7
3.0
2.85
2.25
3.65
1.5
2.8
0.5
0.85
5.3
3.75
1.2
0.6
0.35
2.05
1.2
1.1
2.3
3.15
2.65
0.55
0.55
0.5
0.75
2.1
1.7
2.85
2.9
2.6
2.75
1.25
0.3
0.65
0.55
0.2
0.25
0.45
1.45
3.25
2.75
1.25
1.6
1.45
3.75
0.5
3.15
0.7
0.95
0.75
2.35
3.7
4.55
3.75
1.25
1.25
0.85
2.8
1.35
4.2
3.2
3.45
1.85
5.05
4.65
3.65
3.4
4.95
1.8
3.6
2.25
3.0
4.95
3.9
2.55
4.0
1.8
1.5
4.35
4.75
1.45
5.85
2.65
2.65
3.65
2.4
4.95
3.6
3.6
1.7
1.85
1.2
1.25
0.15
0.75
2.0
2.25
1.35
1.35
2.0
0.9
3.15
4.95
5.85
2.1
1.75
3.95
5.65
1.3
0.6
1.35
2.65
0.4
2.85
5.1
2.1
2.55
3.35
2.05
2.45
5.8
6.7
4.6
2.0
1.8
0.5
1.4
2.9
2.35
4.9
5.85
5.8
4.9
1.7
5.95
6.55
5.75
3.55
3.4
6.45
8.15
3.4
1.8
3.35
7.2
7.05
6.45
9.4
7.55
9.05
9.2
8.55
3.55
4.35
6.65
8.1
5.6
6.95
5.95
7.9
5.4
7.25
3.25
4.45
3.2
10.25
7.55
6.95
7.5
7.7
8.15
7.75
6.45
6.65
7.85
9.6
9.55
8.75
8.05
7.35
9.1
5.7
5.35
10.4
10.9
9.35
8.4
7.7
11.4
10.15
9.15
9.65
9.9
10.0
7.75
10.05
9.25
9.3
10.2
6.6
10.1
6.4
6.8
