4.0
8.05
10.2
14.6
16.65
20.65
28.4
29.9
29.45
29.3
33.3
30.2
32.25
30.6
30.4
31.8
35.15
30.8
34.6
36.1
32.5
36.45
38.2
36.9
34.35
34.6
33.9
35.55
32.7
35.0
29.85
35.3
35.75
34.55
34.7
36.35
37.85
33.55
35.0
31.3
35.75
34.6
38.25
36.25
40.95
39.3
37.05
34.2
37.4
33.5
35.4
38.45
38.55
41.65
33.75
35.45
36.3
32.85
36.75
35.85
39.65
37.15
40.55
34.25
36.65
32.05
35.95
35.6
34.75
41.1
34.5
41.6
42.7
40.9
39.3
41.65
38.35
38.5
37.75
39.6
38.95
40.0
40.6
40.45
38.25
41.15
41.95
40.4
41.7
37.5
42.8
42.35
39.8
42.8
38.7
38.55
44.55
43.4
41.9
39.0
38.4
38.2
41.25
42.15
43.65
42.2
40.35
41.05
39.8
41.1
41.85
40.2
38.8
40.75
41.9
42.4
40.15
42.65
39.1
39.65
43.7
43.25
43.15
41.4
40.35
40.05
37.25
38.65
40.75
39.75
42.25
39.35
40.1
45.85
39.95
41.0
39.1
39.8
42.2
40.5
38.65
41.0
41.75
40.7
38.1
39.1
36.1
42.4
34.8
32.75
38.2
34.65
31.9
41.25
34.6
39.45
38.8
42.5
38.05
41.4
40.4
41.2
34.45
35.65
42.4
33.4
40.7
36.6
42.55
37.1
39.95
36.75
31.65
34.8
32.15
35.1
36.4
35.65
34.35
35.45
41.9
38.0
40.3
38.75
39.0
41.85
39.15
42.65
40.9
38.15
41.0
40.45
43.25
38.6
41.9
41.6
43.05
39.65
41.15
39.05
40.35
43.45
42.15
43.8
42.65
38.45
42.0
41.95
39.5
40.6
40.15
42.4
42.0
41.85
44.05
40.3
39.4
42.3
42.15
33.35
41.5
36.55
34.9
40.95
41.2
35.6
40.9
41.55
43.3
40.7
43.25
39.4
41.65
44.15
42.25
40.6
43.5
40.35
39.75
38.0
35.65
43.35
38.05
39.35
42.8
43.5
38.95
42.75
41.75
41.3
41.15
45.9
40.1
45.9
38.25
41.65
40.95
44.45
36.5
37.95
40.55
36.35
44.0
33.45
42.35
41.0
41.45
39.1
41.8
39.35
38.8
38.35
43.3
46.15
40.7
43.3
38.3
43.65
39.05
41.0
42.1
37.3
40.4
36.8
41.15
43.1
42.65
41.45
44.35
42.15
41.05
43.55
37.35
38.3
38.55
42.5
42.3
38.3
43.75
40.7
40.7
39.5
40.2
40.1
39.8
41.45
38.45
43.05
39.05
38.7
41.4
41.1
44.55
42.5
44.75
37.55
37.0
38.75
42.15
41.95
41.6
46.25
35.75
37.85
44.05
41.55
41.4
38.35
38.35
42.3
38.5
38.35
41.0
42.1
38.45
39.45
43.15
44.4
39.8
43.55
40.95
45.0
44.0
40.8
41.8
41.3
40.55
39.45
42.0
41.65
40.7
45.05
39.15
42.3
36.75
42.8
45.8
40.4
43.6
40.25
38.7
40.45
39.6
38.1
38.9
39.0
38.45
39.9
36.95
37.35
34.9
34.45
41.2
39.7
38.0
41.1
43.3
40.75
41.3
42.55
37.15
39.4
41.9
34.75
36.75
41.45
37.8
35.15
41.3
36.85
36.45
42.85
43.4
38.5
39.2
34.95
38.75
42.15
31.35
38.85
34.75
40.15
38.15
34.75
39.1
40.45
35.25
38.7
41.55
29.3
39.4
38.65
39.05
43.4
41.25
40.5
37.5
41.35
37.1
38.9
40.1
34.25
42.05
44.3
39.45
41.7
44.25
40.65
40.55
40.5
35.05
39.95
42.05
42.05
37.55
39.95
40.0
43.15
35.75
36.85
38.4
36.85
40.65
39.85
37.35
38.15
39.5
40.5
41.05
42.1
38.4
40.35
41.9
44.45
37.35
44.3
40.75
43.9
38.3
42.0
40.95
42.8
40.5
40.7
39.3
42.7
44.25
43.9
39.5
41.3
41.9
43.35
42.9
42.65
42.7
44.2
40.65
38.8
43.1
38.6
41.9
41.9
43.45
40.7
42.1
42.2
41.55
42.5
39.05
42.95
44.6
39.45
41.4
42.35
33.25
41.1
39.95
39.05
37.7
43.2
38.3
38.5
42.2
40.75
43.8
42.7
42.4
37.7
44.4
38.7
41.55
39.2
39.0
41.95
43.5
41.8
43.2
41.05
46.2
43.3
40.5
40.9
39.55
43.0
41.75
39.55
36.8
41.85
44.55
43.3
37.5
46.15
38.8
39.7
44.0
35.15
39.0
40.1
45.15
40.45
23.0
40.4
39.55
38.7
41.0
42.95
35.8
42.9
39.35
44.35
45.1
38.35
42.8
38.85
43.1
43.4
37.3
41.0
38.35
42.55
38.85
39.7
43.35
46.5
41.2
41.35
43.2
39.1
40.6
40.35
40.4
36.2
39.65
39.65
39.55
46.6
39.6
42.65
40.1
41.45
41.4
40.7
44.3
44.45
38.95
40.7
41.95
38.9
43.95
40.8
40.8
41.05
44.95
38.75
45.8
40.3
42.95
42.3
42.85
40.65
42.7
42.0
39.4
42.8
43.9
43.7
44.45
39.9
41.4
41.05
40.35
42.95
40.5
41.8
43.5
42.4
43.95
41.8
41.65
42.9
41.75
41.0
40.85
42.1
43.65
39.6
43.9
44.75
41.4
42.7
42.75
39.75
43.05
41.6
40.5
38.65
42.2
42.0
42.05
41.55
42.4
44.2
41.6
40.25
42.15
40.7
39.65
38.05
39.5
41.2
39.7
46.45
38.55
41.7
41.05
40.0
40.55
42.3
43.3
42.05
36.6
42.4
41.8
41.2
38.25
36.35
41.0
41.95
40.65
40.25
36.75
39.55
42.15
33.1
40.35
23.6
40.95
38.25
37.7
35.25
33.75
40.7
43.1
38.65
34.75
43.35
36.2
41.65
32.8
42.4
35.4
40.15
39.6
35.4
38.05
38.2
37.05
36.8
36.65
37.5
37.05
40.9
42.4
40.8
41.4
39.7
38.55
42.35
36.3
40.15
37.6
39.5
38.55
38.8
37.05
43.65
41.7
40.0
41.75
37.35
35.4
35.2
36.9
36.9
37.05
39.45
36.6
40.8
34.85
35.9
42.8
40.25
37.45
38.8
33.3
44.8
35.25
43.7
39.6
40.2
41.3
39.15
43.6
43.45
41.85
36.55
34.4
35.75
40.6
43.35
42.45
36.55
32.85
36.45
44.25
36.5
37.6
41.45
34.8
32.3
33.15
35.1
36.1
35.8
36.35
40.55
37.3
38.35
40.5
34.2
30.8
37.85
39.6
30.95
34.25
38.55
37.2
36.6
35.95
33.7
30.5
36.25
36.4
36.7
41.3
34.7
28.15
34.5
39.25
44.95
35.5
40.15
38.45
40.2
39.3
36.0
41.5
36.6
39.75
40.4
31.45
37.75
39.95
35.55
26.85
36.85
37.25
35.2
36.0
35.2
40.0
36.8
36.25
35.05
39.0
27.3
34.4
32.0
34.95
29.9
33.55
36.85
41.85
37.9
40.5
40.25
34.4
39.0
38.25
36.4
40.05
35.85
38.55
38.2
37.8
40.1
35.0
36.05
40.75
39.2
34.5
34.1
39.7
38.95
34.8
38.9
44.4
41.65
38.8
38.25
40.45
33.1
42.5
43.7
39.45
38.8
36.2
42.3
38.25
40.5
36.85
36.9
35.75
41.15
37.65
39.15
43.0
36.45
38.15
36.65
32.35
38.8
35.8
40.45
39.1
40.85
38.5
40.85
37.75
35.65
35.05
45.55
42.25
40.0
41.8
35.3
41.15
40.3
39.8
37.9
36.7
37.05
42.9
36.95
43.6
40.5
39.65
35.9
37.2
39.35
38.45
39.35
38.4
41.55
36.05
34.5
37.35
35.15
39.4
41.9
40.65
40.4
40.05
47.2
46.15
38.8
45.0
42.1
40.2
41.6
38.35
37.1
41.2
35.2
42.5
41.85
42.85
37.6
38.3
37.1
42.65
39.85
41.55
42.8
42.9
41.6
41.4
40.7
38.15
45.35
43.85
40.55
33.7
42.8
40.75
39.4
43.25
41.3
38.55
39.6
40.6
40.0
44.6
39.15
40.55
40.3
38.65
40.5
41.55
42.1
42.4
44.1
39.6
41.75
42.0
38.7
45.0
43.35
40.35
42.15
38.8
36.6
42.65
38.35
41.25
42.9
38.75
35.2
41.65
42.1
38.45
39.75
36.85
41.45
39.85
41.7
44.75
35.15
38.9
43.35
43.05
40.75
41.65
39.65
38.85
35.65
40.1
31.55
37.4
