4.95
20.6
29.45
27.3
29.45
30.45
29.05
28.85
29.4
30.0
27.6
30.6
29.35
31.15
28.4
29.0
28.9
30.15
30.55
28.6
32.4
30.15
30.0
30.15
28.45
28.7
28.0
27.7
29.65
28.2
31.0
28.85
27.8
28.05
30.15
30.95
27.7
29.75
28.5
30.15
28.25
27.65
28.6
29.95
31.85
30.15
29.3
28.35
30.65
29.35
29.35
29.55
30.2
29.55
29.45
26.4
30.8
31.0
30.05
29.1
27.75
27.6
28.3
28.6
27.6
28.7
29.2
30.55
27.7
30.75
30.2
30.9
32.25
30.1
28.7
29.1
29.5
28.2
29.0
29.75
30.5
27.95
29.25
30.7
27.85
28.95
28.9
29.15
29.35
30.7
27.6
28.4
28.45
30.65
31.55
28.35
30.15
29.95
29.5
30.35
31.35
29.25
28.9
28.8
28.9
28.0
29.7
30.4
29.15
30.4
29.25
29.7
29.5
28.55
31.15
29.6
27.2
29.9
29.45
29.1
29.4
31.55
29.8
28.65
30.0
29.4
31.55
28.1
30.4
28.2
25.2
30.05
26.4
29.55
28.65
29.35
30.35
27.25
28.35
28.65
29.6
28.05
27.0
30.2
27.65
30.2
31.2
29.4
26.7
28.4
26.75
29.45
28.85
29.95
32.05
28.8
27.7
29.35
28.65
30.0
27.4
30.65
30.3
26.4
29.4
28.45
30.05
30.7
29.2
29.75
29.45
31.25
27.9
29.75
30.15
29.8
30.3
28.65
29.45
29.05
30.5
29.05
29.3
31.2
29.5
30.8
30.15
29.5
28.65
28.75
30.2
28.6
28.45
28.95
30.3
29.75
31.15
29.45
28.1
28.9
29.1
26.3
27.8
30.25
27.25
29.4
30.1
26.45
30.65
31.1
29.05
28.15
28.45
29.2
28.45
29.7
27.45
28.0
28.0
28.25
31.2
29.8
26.4
28.2
29.2
29.6
28.85
28.85
30.05
26.75
29.55
30.05
26.65
28.1
28.7
27.75
30.05
29.15
29.15
27.0
29.1
27.05
29.6
30.45
29.0
28.35
28.9
32.7
30.1
31.2
29.2
28.1
25.65
28.05
31.3
29.75
28.2
29.55
27.65
29.45
28.9
27.3
27.8
27.65
31.35
31.45
29.9
29.75
30.25
26.0
28.7
29.45
31.35
29.45
30.4
29.0
26.15
29.7
28.5
27.55
29.5
30.5
29.7
26.85
28.65
28.95
29.45
28.3
30.1
26.85
28.8
28.8
26.85
30.95
30.75
30.1
29.0
30.4
29.05
29.4
29.1
29.95
27.7
29.05
29.15
29.15
29.05
29.7
32.25
28.85
29.85
30.1
29.55
29.2
28.7
28.35
29.75
28.1
27.35
31.65
31.05
27.35
31.1
28.25
28.8
28.9
27.95
29.8
30.3
28.2
31.25
27.5
27.75
28.9
28.95
29.75
27.25
28.25
29.0
28.3
30.7
29.05
28.55
29.8
24.9
28.8
29.95
30.0
28.9
28.25
28.45
31.05
29.95
28.65
31.55
29.4
27.8
30.4
28.95
28.45
29.35
31.25
29.8
29.55
29.3
28.2
30.0
29.9
29.9
32.05
28.65
27.9
26.95
28.8
28.3
27.2
30.2
27.65
28.8
30.85
30.9
29.6
29.45
29.9
29.7
29.4
27.8
27.65
30.95
27.35
28.1
28.2
28.0
28.3
29.25
28.05
30.2
29.2
30.35
27.95
26.25
29.65
28.95
28.6
31.05
30.65
28.95
29.85
30.3
28.3
28.45
28.1
28.55
30.2
30.0
31.2
27.4
27.3
28.95
31.0
31.85
29.1
29.35
32.85
27.65
28.15
31.3
28.55
30.25
27.1
27.85
30.1
30.45
31.85
27.8
28.05
27.35
29.65
29.95
29.95
28.95
30.45
28.15
30.5
30.35
29.75
30.45
28.15
29.55
28.55
28.35
28.05
28.2
30.55
31.0
29.45
27.45
29.0
29.9
30.65
29.5
29.75
29.8
29.6
28.7
28.45
28.8
29.3
27.45
29.8
29.05
28.75
29.8
29.6
32.6
28.8
29.05
28.1
29.95
28.8
28.95
30.8
31.05
30.45
28.4
30.55
27.65
29.1
30.85
28.35
31.2
31.25
28.9
31.45
29.1
28.1
27.85
26.95
28.75
30.0
30.1
29.2
28.7
28.6
29.15
29.15
28.85
28.15
29.65
26.95
29.35
29.35
27.75
31.7
30.35
30.4
31.15
28.2
30.05
29.15
28.85
29.6
28.15
28.85
30.2
27.3
27.05
30.4
27.85
30.25
27.95
31.35
27.7
27.6
30.7
30.95
29.9
30.8
28.7
28.25
30.6
28.1
31.65
27.25
31.05
28.7
31.6
27.75
29.85
29.75
29.2
28.65
30.05
28.75
30.3
28.6
29.4
30.0
30.6
29.05
30.7
31.9
31.1
27.75
29.4
29.4
28.75
28.25
33.05
30.9
29.55
30.75
29.45
28.65
28.55
27.7
29.25
29.85
30.7
29.15
28.3
30.05
30.3
31.65
28.05
30.8
29.15
28.85
28.5
28.6
28.95
29.65
28.45
29.15
31.0
27.8
28.15
27.55
29.15
28.85
29.1
28.55
27.1
30.95
29.4
30.05
30.4
29.2
30.15
30.9
30.3
29.6
29.2
30.05
30.65
28.6
31.65
28.85
26.65
33.15
31.8
28.5
28.2
29.95
27.4
28.45
29.85
28.4
30.3
28.7
28.5
29.45
29.7
28.95
32.35
30.1
28.55
28.55
29.05
30.25
28.4
28.9
29.2
30.35
30.55
28.25
28.65
28.25
29.5
28.8
30.55
29.75
29.1
28.45
29.4
30.25
31.55
29.9
29.4
31.25
27.25
27.45
30.0
28.3
27.85
29.35
28.25
29.95
30.1
30.1
28.85
30.95
31.4
27.3
28.6
29.0
27.45
28.5
28.2
29.95
30.05
27.65
28.3
27.95
27.6
29.7
27.5
30.05
28.55
28.1
30.2
27.25
27.2
28.85
29.4
27.85
28.25
30.15
31.15
31.15
30.45
28.3
31.35
29.0
30.4
30.75
29.05
28.4
30.5
27.5
31.0
30.4
29.15
27.1
30.0
28.3
28.45
26.6
29.55
27.75
32.0
30.05
29.05
28.05
31.25
29.3
29.3
29.45
28.4
27.3
30.35
27.8
28.9
30.3
28.75
30.05
27.15
27.3
28.85
28.55
29.95
29.85
29.4
29.3
28.15
27.6
29.35
28.9
31.25
28.7
30.9
28.1
28.75
30.35
29.95
29.65
30.55
28.7
29.45
27.8
29.3
32.4
30.15
28.15
32.0
29.9
27.85
29.6
29.3
29.1
29.15
27.95
27.75
30.2
28.8
29.85
30.0
28.25
32.0
28.9
29.3
28.8
28.95
28.1
28.7
27.7
30.7
26.9
28.75
29.7
29.3
30.65
27.45
27.75
30.45
30.35
30.7
29.0
31.0
27.2
28.2
30.55
29.7
30.35
31.5
29.8
26.45
29.1
28.25
28.55
28.45
28.1
29.7
28.85
27.8
31.4
30.65
28.8
29.9
28.55
29.65
27.35
30.15
29.1
31.3
28.45
29.0
29.05
28.85
27.5
29.15
30.45
29.35
28.55
29.05
30.05
28.75
28.55
31.4
30.45
30.3
29.0
31.3
30.05
26.8
28.4
29.4
27.55
30.65
29.15
30.8
27.65
31.15
29.75
29.0
26.55
29.15
28.2
31.3
28.85
28.7
29.75
30.7
30.7
29.4
28.75
28.05
28.95
29.55
30.15
29.5
28.3
27.75
28.35
28.9
29.2
29.05
27.6
30.6
31.8
27.7
30.8
31.6
28.7
28.8
29.45
28.8
27.95
32.15
29.8
29.5
28.8
28.8
31.45
27.2
27.6
29.65
30.05
29.55
31.65
29.3
29.7
29.55
29.3
28.5
30.55
29.6
27.2
30.9
31.0
30.1
27.35
27.7
29.1
28.85
29.15
26.95
28.9
28.75
28.6
28.55
28.35
29.2
29.9
29.65
30.6
27.85
26.05
29.55
28.6
28.0
31.75
28.05
30.75
29.1
29.55
28.95
27.3
28.4
28.4
29.25
27.85
31.7
27.6
26.75
29.9
29.4
27.85
28.2
27.8
30.15
29.05
30.3
31.25
29.45
29.0
29.5
29.2
27.65
28.05
29.8
30.1
29.5
30.85
27.9
30.95
31.45
28.15
30.1
29.8
28.25
28.7
27.95
28.6
29.05
27.7
31.6
30.3
30.65
29.45
31.3
29.0
27.45
30.6
24.75
31.3
29.35
29.3
30.05
30.85
28.05
27.9
29.3
28.1
30.3
27.9
31.7
26.8
25.5
