2.0
5.6
5.35
5.1
6.3
6.3
7.05
6.85
4.95
5.95
6.65
4.7
5.8
6.5
7.75
4.8
6.15
7.55
7.65
6.15
5.35
6.45
6.35
6.9
7.45
4.4
4.65
6.4
8.05
5.55
6.65
6.7
5.0
8.0
6.9
7.65
6.95
8.9
6.05
7.2
5.5
6.4
7.9
7.25
7.2
7.5
5.7
7.85
7.2
8.25
7.9
6.95
6.3
8.7
6.8
6.4
7.0
8.6
6.35
6.65
6.7
6.7
7.1
8.45
6.8
7.95
5.65
6.05
6.6
6.3
6.3
8.2
7.8
7.35
7.05
7.35
8.2
6.4
7.15
8.05
8.2
7.75
8.3
6.4
6.8
8.3
5.75
7.15
7.8
8.2
6.6
5.55
6.65
6.9
6.6
7.1
8.4
6.15
7.85
7.1
8.95
4.5
8.8
7.75
6.75
7.75
8.1
6.95
7.5
8.2
7.45
6.2
6.55
6.15
8.8
8.0
8.5
7.55
7.55
8.8
7.5
7.1
6.65
8.45
6.9
7.75
7.3
8.65
7.45
8.4
6.4
7.65
7.5
9.5
8.1
6.5
6.55
9.45
8.0
9.35
8.8
7.15
9.65
4.9
5.5
7.8
7.55
8.0
8.15
7.9
6.15
6.25
8.1
5.85
8.25
6.8
6.15
6.5
7.55
8.95
9.05
7.95
8.45
7.6
7.2
8.5
8.9
6.15
9.0
8.7
7.8
6.65
7.6
7.85
6.7
8.65
8.25
8.65
6.8
8.05
3.55
8.7
8.3
4.85
6.7
6.7
7.05
6.35
8.95
6.6
7.6
9.1
6.55
6.3
8.15
9.05
7.75
6.6
8.9
9.05
7.3
8.25
9.25
8.45
8.1
6.65
8.0
7.1
8.2
8.45
7.55
5.7
7.0
8.1
6.85
9.25
7.65
5.15
7.7
7.65
6.45
6.7
7.3
7.35
8.2
7.45
8.6
6.4
6.85
6.65
8.3
8.85
5.95
7.45
6.1
6.3
7.25
8.9
6.5
8.15
6.2
7.7
5.35
6.85
6.95
5.6
5.75
6.95
7.7
7.95
9.15
7.95
9.45
8.0
6.5
7.65
8.8
6.9
7.6
7.55
6.55
7.35
8.5
6.35
8.05
6.35
7.2
6.55
7.5
7.55
6.45
8.5
8.15
6.45
7.2
8.7
6.65
5.55
7.8
10.15
8.15
8.7
8.05
7.45
8.4
9.85
6.0
6.5
8.35
8.25
5.6
7.1
8.8
7.75
8.25
5.2
7.8
7.45
7.8
7.35
5.95
7.15
9.5
9.65
7.85
7.35
5.85
6.0
7.9
7.9
8.95
8.55
7.2
6.85
8.7
9.45
7.2
6.5
8.8
6.95
6.7
7.85
7.65
6.7
8.75
7.55
8.15
9.15
8.7
9.5
7.2
8.65
7.05
9.35
7.0
8.0
7.8
7.4
6.9
8.35
8.1
6.05
8.5
7.85
6.9
7.75
9.05
8.35
7.95
8.25
9.25
6.25
7.7
6.9
5.05
5.5
8.95
6.65
7.85
7.2
7.45
7.85
8.6
7.35
7.0
5.95
8.75
7.3
7.2
7.45
6.7
8.7
7.1
8.45
5.9
8.7
8.05
7.15
7.95
9.0
7.35
6.9
5.95
8.75
8.15
6.45
7.55
8.4
6.1
6.25
6.95
7.8
7.45
8.7
5.95
7.2
7.0
6.7
5.85
8.2
8.35
6.4
8.8
7.65
7.65
6.7
6.5
7.2
4.95
7.45
8.65
7.65
6.8
5.75
9.15
8.45
7.0
6.6
7.65
7.2
9.1
7.55
7.4
8.85
7.55
8.45
7.65
8.45
8.25
8.75
4.85
7.45
9.35
7.15
6.45
5.2
8.6
6.75
9.8
7.5
9.35
7.6
7.7
6.7
5.45
8.85
7.75
7.4
8.2
7.0
8.2
6.75
7.05
7.05
7.9
7.75
8.15
9.35
6.35
7.4
5.8
10.2
7.85
9.2
6.9
8.3
7.3
8.3
9.6
7.9
8.0
6.15
8.8
8.75
7.4
10.1
9.65
9.3
5.85
7.5
10.5
8.55
7.75
7.4
5.85
7.15
8.5
7.5
6.7
4.7
7.25
9.75
8.1
8.2
6.6
7.9
8.65
7.0
7.15
7.5
7.55
5.85
8.25
7.45
7.5
9.9
8.05
9.25
7.1
6.95
7.9
7.75
6.35
8.0
6.05
6.7
4.2
8.0
7.1
7.1
8.05
7.95
6.2
6.4
8.35
7.35
6.9
7.95
6.5
8.45
8.15
6.85
8.5
7.4
7.85
6.3
6.1
6.2
8.6
7.0
9.05
5.95
6.6
7.85
7.65
8.15
9.1
9.95
8.35
8.25
9.5
7.85
6.3
9.1
7.1
8.1
7.95
8.65
7.9
6.1
7.2
7.35
8.5
8.1
7.65
8.7
8.75
7.1
7.25
8.05
6.2
6.85
9.35
9.8
8.85
9.45
7.65
9.2
7.25
7.95
5.65
5.85
7.7
6.55
6.8
5.75
7.65
6.1
7.95
8.2
6.15
6.65
8.85
7.3
6.0
8.2
7.8
6.6
7.75
9.35
7.25
8.65
8.4
8.3
7.85
9.0
8.9
8.65
6.85
8.85
8.95
6.95
9.05
7.9
11.5
7.3
8.2
9.1
6.5
7.0
7.85
7.3
7.3
7.15
5.65
7.85
7.2
4.9
5.85
7.15
6.85
5.45
5.35
7.15
8.05
6.15
7.05
6.2
8.45
7.0
9.45
9.55
7.9
8.25
8.2
7.15
6.8
10.5
8.0
6.9
7.7
7.75
6.05
9.95
7.05
7.55
8.2
6.15
8.05
6.5
8.85
8.1
6.85
6.8
8.0
9.45
7.0
6.35
6.9
8.55
8.0
8.05
6.85
8.05
8.75
7.25
9.6
7.55
7.65
7.5
9.75
7.35
7.3
6.45
6.45
7.85
7.8
6.75
9.15
6.8
6.85
8.5
9.05
7.3
9.5
8.55
6.35
7.6
6.25
6.1
8.35
8.35
7.35
7.8
5.4
8.8
8.45
7.5
8.4
8.5
7.7
9.1
6.25
5.45
5.1
6.4
8.65
8.45
8.65
7.55
10.0
6.5
9.2
7.65
7.9
8.1
8.95
8.45
8.4
9.6
8.0
8.2
8.65
8.6
7.9
5.7
7.85
8.8
9.2
8.5
7.95
4.8
7.1
10.3
7.2
9.2
6.75
8.95
8.2
8.0
7.45
9.8
8.35
9.15
7.85
5.25
8.2
7.8
7.4
7.2
8.85
7.5
6.0
4.75
8.55
6.15
9.15
8.65
7.3
8.4
8.85
6.95
7.9
6.8
9.75
6.8
6.2
8.2
7.7
5.85
8.25
7.1
7.7
7.5
8.95
8.7
6.7
10.8
7.85
9.15
7.65
8.5
8.45
7.5
7.35
7.65
8.45
7.4
8.6
8.4
8.4
8.35
9.6
9.2
7.3
7.7
7.7
7.65
6.9
9.45
7.45
8.05
8.2
10.3
7.2
7.75
7.65
8.45
7.85
9.0
7.4
8.4
8.35
7.4
8.85
8.55
6.0
9.7
6.45
8.7
6.35
6.3
8.8
6.2
7.45
5.9
6.5
9.7
9.15
8.3
6.2
7.0
8.05
7.95
6.75
7.35
7.5
7.9
8.6
6.0
7.2
6.4
7.3
5.4
6.5
8.3
7.6
8.9
5.35
7.25
6.85
8.4
10.1
7.15
7.2
7.15
7.75
10.2
6.95
6.9
8.75
8.6
8.85
6.55
8.4
6.45
5.6
5.7
7.1
7.3
6.2
7.5
9.4
7.15
9.3
7.8
6.95
6.9
7.5
7.3
8.55
9.15
6.75
10.9
7.7
7.6
9.15
7.65
7.65
7.1
9.25
9.55
9.2
6.25
6.8
6.75
7.55
6.85
6.85
5.85
7.2
8.1
4.75
6.65
6.2
8.15
6.3
6.0
9.6
7.8
6.9
8.2
9.15
6.7
4.45
7.1
4.9
6.8
9.65
7.8
6.35
8.25
8.05
7.0
8.75
5.8
7.5
8.45
8.7
6.55
5.95
7.7
7.35
9.35
7.3
9.4
8.1
8.2
8.6
8.85
8.1
6.9
8.3
7.7
7.05
8.45
8.75
8.05
9.0
9.9
8.8
5.35
7.0
7.65
7.35
8.65
6.3
7.55
5.95
6.8
7.15
5.25
5.35
5.95
8.5
5.7
6.4
8.05
6.35
9.55
10.15
7.7
9.5
7.4
6.55
10.05
6.95
9.5
10.2
7.45
8.55
8.75
7.5
9.5
6.05
7.4
7.35
7.9
7.85
