4.25
16.15
22.9
28.35
22.85
27.0
25.1
23.9
23.65
28.0
26.3
23.9
28.5
25.65
25.7
23.9
26.85
32.45
33.6
31.85
30.7
31.2
31.15
32.7
28.65
33.85
32.3
31.05
35.1
31.15
31.4
32.2
30.75
30.55
29.15
34.05
28.7
31.6
29.5
31.15
33.6
32.4
28.7
32.25
31.35
30.75
31.5
32.05
27.05
29.35
32.05
34.6
31.5
31.75
31.8
33.15
32.1
30.8
34.3
31.5
32.3
32.9
30.55
26.45
31.75
35.1
32.4
29.65
30.4
31.25
33.9
27.85
27.85
28.6
31.85
32.3
24.55
30.85
34.15
30.55
28.2
24.2
28.85
29.55
34.05
34.65
37.35
35.9
35.45
35.35
32.95
35.1
31.05
35.65
34.35
35.8
37.1
34.15
29.65
34.5
28.5
34.25
36.25
35.25
33.5
39.45
33.7
35.4
38.05
36.35
36.15
33.5
31.15
38.8
40.75
37.05
36.25
35.75
38.2
34.65
40.0
39.1
38.0
38.35
38.7
37.55
36.7
37.3
35.25
37.3
35.45
38.95
39.5
35.95
40.4
38.75
38.35
38.3
41.2
38.8
32.8
34.7
36.55
37.5
38.35
39.75
41.05
32.45
34.3
34.95
37.1
38.05
39.1
34.4
38.45
39.3
35.25
34.8
37.6
40.4
40.55
35.1
36.25
36.55
37.75
38.6
35.95
39.85
40.7
36.35
38.15
36.95
40.75
40.25
39.0
40.55
37.6
37.7
37.9
37.5
41.1
40.15
40.1
36.65
40.05
35.9
35.55
38.85
37.55
41.2
41.85
35.95
38.85
38.9
35.7
39.1
39.25
39.9
40.4
40.75
40.35
38.2
40.4
42.95
41.55
39.4
39.85
40.1
40.5
38.05
39.7
38.0
38.3
39.0
43.0
41.65
35.25
41.1
41.35
41.05
37.65
38.2
40.3
39.85
38.9
38.1
35.9
37.9
40.3
40.4
41.55
39.25
40.4
40.25
39.3
42.45
35.35
42.0
40.6
37.15
38.9
38.95
38.0
40.75
39.0
40.9
38.3
42.05
38.25
40.8
41.0
39.2
41.7
43.45
42.15
41.2
33.55
38.85
42.35
39.45
39.9
38.5
37.0
38.9
37.55
41.65
38.6
39.15
42.35
39.35
41.7
44.45
41.5
44.25
37.9
40.2
40.45
41.65
41.65
37.5
39.85
43.2
40.65
40.4
42.05
41.55
38.05
37.6
45.3
39.65
40.1
38.75
35.3
40.35
39.6
38.35
41.6
40.2
40.1
41.3
41.05
37.9
40.2
37.35
42.25
42.6
39.35
40.25
40.7
43.3
36.3
37.0
41.75
40.95
39.4
39.65
38.7
39.5
39.2
43.2
36.45
37.3
41.1
43.15
37.95
42.25
36.95
43.55
44.3
38.6
40.95
37.8
39.1
38.6
39.0
37.1
42.35
42.05
38.2
41.2
38.6
42.85
42.0
42.4
44.4
44.6
43.85
36.55
38.6
41.5
42.0
39.8
37.55
39.3
41.0
39.65
42.55
40.15
41.85
41.25
43.45
38.5
38.0
45.2
41.8
39.45
40.45
42.35
40.75
35.4
40.75
38.35
39.05
42.3
42.35
39.5
41.25
43.05
39.5
40.6
45.9
36.65
38.2
35.4
34.2
41.35
41.15
38.55
38.35
40.85
41.15
37.0
40.65
33.1
43.15
40.6
39.5
43.15
39.7
39.95
38.7
44.8
40.2
39.95
42.1
41.2
36.45
36.8
39.85
40.35
38.2
40.65
37.45
40.95
40.9
40.7
43.15
41.45
40.6
40.05
38.7
42.05
42.25
36.65
37.95
38.55
40.45
43.75
42.95
40.15
38.85
40.75
40.2
36.9
39.45
40.95
37.5
43.4
43.35
40.6
41.15
43.95
39.65
42.7
41.3
40.3
38.25
37.65
40.0
40.6
41.55
44.25
42.25
39.45
41.8
39.7
40.6
43.5
39.4
40.55
43.15
39.0
42.2
40.6
38.0
38.35
40.35
41.45
36.9
41.2
43.2
44.25
38.35
38.2
39.5
41.6
41.4
40.2
42.4
42.5
42.55
40.0
33.3
42.4
36.95
36.7
39.9
40.85
38.3
39.55
43.7
41.05
43.9
38.35
40.1
39.0
41.15
40.05
40.65
40.1
38.95
39.3
45.0
41.75
37.7
40.75
42.8
39.3
42.4
39.15
40.6
41.7
40.7
39.75
41.75
42.2
40.15
37.95
42.4
42.65
37.8
39.85
41.7
43.25
45.7
43.35
41.7
39.75
38.15
44.35
38.9
36.2
40.65
44.9
42.45
42.0
40.2
43.0
44.05
36.6
43.65
39.8
42.45
43.3
39.9
44.0
42.05
42.85
39.55
40.55
40.85
43.45
42.25
40.65
38.55
43.2
43.35
42.6
40.85
43.05
38.15
37.6
43.8
41.0
39.65
42.75
40.4
40.1
37.45
38.45
41.85
40.7
42.35
39.5
39.6
39.9
42.5
38.7
37.95
43.15
37.55
38.55
44.25
42.35
42.1
40.85
44.05
38.1
39.85
41.9
40.35
40.7
44.45
41.9
35.95
39.15
38.45
41.65
40.75
39.0
38.3
40.5
34.4
40.8
39.35
40.55
38.0
45.3
40.15
41.1
42.1
42.65
41.3
43.75
39.45
43.75
42.95
39.75
40.95
40.05
39.85
41.65
44.75
39.15
37.85
39.95
34.9
41.3
38.85
38.9
43.0
37.55
33.4
40.7
34.5
43.2
30.5
40.15
44.7
40.55
42.6
42.4
40.75
42.6
34.1
36.2
44.5
40.1
42.2
39.25
39.7
40.4
42.45
37.95
41.95
41.4
40.2
36.4
41.0
41.4
38.6
42.4
32.2
41.05
39.4
38.75
40.55
35.6
40.05
41.05
44.85
35.15
43.5
41.6
37.95
40.95
36.4
38.05
39.65
40.15
38.8
40.8
40.75
37.6
43.2
43.75
38.95
41.8
39.6
44.2
36.1
42.75
38.9
41.55
37.4
38.75
41.5
36.7
40.55
41.4
39.8
41.45
40.55
39.5
41.9
40.45
42.1
40.05
34.95
35.8
37.55
39.45
42.2
32.4
38.8
36.4
40.85
41.75
36.8
38.55
40.9
38.85
42.5
40.85
39.25
40.55
38.1
40.7
39.7
39.65
43.25
37.3
42.4
36.05
44.9
37.55
43.95
37.6
43.15
40.3
41.95
38.7
38.9
41.35
42.85
42.2
39.8
45.25
44.9
43.3
39.9
41.35
36.6
42.65
32.9
38.7
40.95
42.7
40.8
40.0
39.5
39.95
43.85
42.25
40.8
39.85
41.75
43.55
40.05
35.75
40.65
41.0
40.25
34.1
41.7
39.2
42.15
43.65
39.9
41.35
39.1
42.0
40.55
44.25
37.0
40.15
40.45
45.0
42.1
40.9
41.9
42.8
44.8
42.5
39.05
39.4
39.25
40.45
34.0
41.3
42.05
41.25
40.55
43.3
42.95
40.7
40.65
43.5
38.65
39.65
45.75
39.65
39.2
38.3
39.15
41.9
43.0
46.05
39.8
41.65
40.75
44.35
41.5
38.3
37.6
39.1
36.75
42.75
40.95
40.55
42.1
39.2
42.1
40.8
42.5
41.95
44.15
42.45
42.25
38.7
40.4
39.0
34.4
41.0
40.75
42.05
43.2
42.25
40.7
45.3
39.8
41.65
40.8
35.7
41.25
39.75
45.7
43.65
43.8
45.25
39.35
42.45
41.15
42.1
41.9
37.8
39.3
41.9
41.05
42.2
39.15
41.2
43.1
42.4
40.5
38.85
40.15
41.15
43.45
33.7
41.0
39.9
43.4
39.25
41.75
41.8
44.65
38.6
38.3
39.65
40.25
40.6
40.3
38.65
42.65
40.0
44.2
44.1
40.35
40.85
39.85
40.75
39.45
36.5
38.8
41.35
43.8
38.2
44.4
38.1
39.6
36.3
35.1
39.05
42.95
42.0
41.25
43.75
39.2
38.95
42.2
43.1
43.4
43.6
41.25
41.9
41.45
39.65
35.0
38.7
38.25
41.85
41.0
38.15
40.0
44.3
43.75
41.55
40.9
42.25
41.45
43.6
42.05
39.9
42.7
40.95
42.0
41.0
41.85
42.55
40.75
42.8
47.0
43.45
42.05
43.2
38.6
44.25
38.55
39.2
37.6
42.35
42.9
42.5
43.45
43.05
40.55
41.45
39.85
41.6
43.25
38.55
39.05
39.8
44.25
36.65
42.3
36.7
42.85
39.6
38.25
41.25
41.85
37.75
43.95
41.05
43.4
42.45
42.1
41.2
41.85
41.65
42.35
40.95
40.7
43.2
39.45
41.0
44.25
