4.75
14.3
23.85
23.1
25.4
25.25
28.0
29.8
25.7
30.75
29.65
28.95
31.7
34.1
30.7
32.65
31.45
32.0
31.35
34.7
33.6
32.75
32.05
31.15
32.3
30.5
29.0
35.95
32.75
31.55
33.1
33.25
33.4
29.6
28.85
33.6
31.6
31.05
34.4
29.55
33.55
34.35
33.75
32.2
34.5
32.15
33.55
31.2
34.5
33.8
32.3
35.1
33.0
36.75
35.7
35.7
33.8
35.25
34.15
36.05
36.6
36.6
35.6
32.55
38.9
36.1
39.35
37.0
36.3
36.3
35.1
34.95
33.5
38.25
36.8
35.75
38.9
34.85
33.75
37.55
36.15
34.75
35.5
36.85
37.2
38.7
35.2
33.65
35.5
36.4
35.5
38.2
35.15
38.2
33.85
35.7
37.25
38.55
37.1
34.15
39.1
35.4
37.65
36.0
37.85
34.65
40.85
37.75
33.85
35.5
34.15
40.8
35.2
35.8
31.0
38.6
37.1
36.25
32.65
32.5
36.65
38.3
37.65
40.2
37.65
34.95
38.9
36.15
38.25
37.8
37.1
36.2
36.9
40.05
38.5
35.35
36.3
34.6
38.7
34.35
37.05
37.15
38.4
35.95
38.05
38.25
37.75
34.25
36.4
39.4
36.25
38.75
36.75
40.45
38.25
41.05
36.4
36.7
39.15
38.1
39.75
41.25
36.8
36.95
37.3
36.75
40.2
34.45
39.5
37.25
39.8
38.2
38.4
40.0
36.9
40.4
34.95
37.25
36.65
38.35
35.1
34.75
40.35
35.85
35.7
36.15
34.7
35.4
38.4
36.8
34.4
36.65
36.7
37.9
38.3
36.55
38.35
36.2
39.9
38.05
37.7
36.45
34.6
37.55
39.0
39.3
38.8
36.7
37.2
35.0
39.25
35.5
36.1
39.05
34.45
41.05
37.45
36.4
38.45
37.8
41.35
41.0
36.6
38.0
37.9
34.45
36.8
36.15
37.65
39.15
40.8
39.2
40.6
40.35
40.6
36.55
37.35
38.2
34.45
39.35
36.45
40.5
37.25
36.75
38.95
38.5
37.8
39.3
38.95
35.1
37.7
38.45
37.5
37.35
37.85
39.5
41.0
39.55
36.5
37.9
37.75
36.4
35.7
38.25
32.95
39.5
37.05
40.9
41.9
39.4
38.45
35.5
39.1
40.5
37.5
31.3
37.2
37.3
39.3
34.4
37.15
32.95
37.45
39.2
41.2
40.35
39.05
39.25
39.2
40.0
40.5
41.15
37.7
38.25
40.75
39.75
39.35
41.2
39.7
39.0
38.35
38.7
40.05
40.95
39.8
40.35
38.55
38.6
37.25
39.2
38.05
39.1
40.0
36.65
37.85
40.2
42.15
40.45
41.25
39.05
42.2
41.35
40.7
39.65
40.5
37.3
42.3
39.8
38.55
38.25
39.8
38.95
39.1
40.5
36.55
39.4
35.25
35.8
38.3
41.05
38.4
38.25
40.25
35.25
38.45
38.65
39.05
39.15
41.35
40.05
39.6
39.3
40.05
39.05
39.65
40.55
38.35
36.8
37.2
36.75
41.0
38.15
42.8
41.35
37.85
42.0
33.7
38.7
40.5
41.65
41.6
37.15
39.75
40.2
40.65
40.15
41.55
39.05
41.95
41.6
35.7
42.45
39.3
40.6
42.65
40.15
42.05
38.8
38.1
36.5
39.65
39.0
39.35
39.0
39.05
37.7
32.4
41.2
42.9
42.0
37.0
36.95
35.75
36.15
43.0
40.9
41.7
42.9
40.45
39.6
42.0
38.6
40.05
38.0
40.5
40.1
37.55
39.25
40.25
41.55
38.35
38.55
40.75
42.2
42.0
39.85
43.1
41.65
40.2
39.45
37.7
38.85
40.4
38.95
40.4
37.15
38.8
36.75
37.95
36.1
41.4
39.75
41.7
38.5
36.45
35.4
37.45
38.55
42.0
37.4
44.15
37.45
36.4
33.85
37.7
41.05
37.45
39.75
36.95
42.05
39.6
36.55
40.7
35.5
42.65
39.5
35.65
41.0
40.6
41.45
37.2
39.6
40.45
43.6
37.2
42.5
40.35
39.2
35.05
40.8
36.05
40.05
39.6
41.9
38.7
36.85
46.2
41.75
39.9
40.7
41.9
38.2
39.65
40.45
41.4
38.65
39.15
42.9
38.8
38.7
37.3
40.2
41.85
37.8
41.4
39.3
42.0
36.8
38.75
40.0
39.6
42.25
40.75
39.5
42.5
41.0
41.35
39.35
40.85
36.2
42.2
41.2
38.2
42.05
41.7
40.95
41.25
41.95
38.9
41.35
40.05
40.05
41.05
41.55
38.1
37.0
39.2
38.55
40.1
38.8
41.15
38.65
40.85
40.35
37.1
42.3
41.7
42.2
36.65
42.65
45.1
41.1
39.85
42.0
40.1
44.8
41.2
41.25
43.3
42.2
42.15
42.25
39.55
40.25
36.55
37.7
40.85
41.8
40.55
38.65
37.6
42.65
40.25
38.4
41.45
39.5
42.5
43.25
42.0
40.8
41.2
39.45
41.15
41.7
42.05
36.2
39.95
41.6
40.8
36.75
40.05
44.05
39.5
38.65
38.9
40.35
38.95
40.45
42.9
39.7
38.35
39.6
40.1
41.35
38.05
39.05
38.8
42.8
41.1
41.15
42.35
42.45
40.15
39.7
40.4
40.45
42.95
37.15
41.9
38.45
40.75
40.8
38.55
42.2
37.35
42.55
37.65
39.95
42.0
44.85
40.4
38.6
37.9
41.25
38.6
42.5
39.9
39.45
41.15
36.5
43.0
40.65
40.65
40.0
43.85
39.2
41.3
36.2
39.85
41.85
44.0
38.15
41.65
43.4
42.85
37.4
42.1
40.2
39.75
41.05
39.3
38.5
40.55
37.55
39.45
39.0
40.45
35.9
38.85
42.4
40.75
41.9
38.5
41.8
38.25
41.45
37.85
40.95
43.0
39.35
39.55
40.25
35.15
39.85
37.7
38.25
39.2
36.6
38.15
37.75
40.4
39.35
38.5
41.4
39.8
40.15
39.45
41.0
36.65
40.15
42.25
40.45
39.3
36.2
37.2
42.1
41.15
40.6
39.45
39.1
39.85
42.3
38.4
35.65
36.25
35.8
39.1
39.55
43.1
41.0
40.55
39.8
40.65
38.05
36.3
32.0
39.85
38.45
40.1
35.7
41.7
39.95
39.15
39.35
41.2
37.55
40.85
41.85
40.3
36.5
40.05
37.05
36.2
38.15
38.65
39.6
38.5
37.2
40.8
37.25
37.35
38.0
39.6
39.45
40.8
41.1
41.7
39.45
38.65
38.55
41.35
43.15
36.75
40.5
39.3
37.15
38.85
35.6
34.15
43.15
38.2
41.65
38.05
40.3
34.2
39.5
42.0
37.7
41.5
35.75
39.2
37.65
36.4
34.7
34.1
33.05
37.1
36.3
38.7
36.05
39.9
39.2
34.2
39.6
39.2
38.5
36.25
36.0
35.1
37.0
38.9
39.2
43.75
34.25
34.95
39.35
32.2
37.65
36.75
37.5
39.45
42.6
37.3
38.5
39.15
35.25
37.9
40.15
40.3
38.6
39.85
38.35
37.7
37.4
35.65
40.45
40.65
37.25
38.95
40.25
41.45
35.3
36.2
39.15
37.7
38.15
39.45
39.3
38.0
35.45
38.4
35.8
36.8
41.45
32.5
39.8
34.7
43.3
38.75
39.45
38.95
36.95
39.55
34.1
38.5
40.05
39.5
37.05
36.95
40.95
37.5
39.55
37.95
39.9
40.1
35.0
41.25
39.25
38.35
38.6
37.1
37.25
35.05
40.6
40.55
37.85
41.5
35.45
40.85
36.95
40.1
35.4
39.1
34.85
38.3
39.45
40.1
40.3
40.7
38.3
38.35
40.4
32.85
39.25
34.7
37.15
39.1
36.75
37.2
38.15
39.2
42.8
42.35
40.25
39.7
38.25
36.6
42.65
38.25
41.6
39.3
38.1
41.5
38.65
35.25
38.75
39.65
40.65
36.15
38.1
37.9
39.4
41.5
38.2
36.4
36.2
41.05
39.15
40.9
39.45
40.0
36.45
45.0
39.35
40.3
38.3
40.4
40.2
41.75
38.7
34.45
38.1
37.0
40.35
42.65
39.9
41.05
39.65
42.95
37.65
38.35
36.75
42.45
42.05
39.9
40.35
40.15
41.4
40.1
44.3
37.65
43.2
41.2
34.6
41.1
35.9
37.6
40.9
38.5
38.2
39.7
39.45
39.6
42.4
39.35
37.05
43.0
37.8
37.15
40.15
35.35
42.1
38.1
43.0
36.65
38.75
42.3
39.9
41.75
41.25
42.65
40.25
35.35
37.9
39.75
40.35
36.5
42.15
38.25
