5.75
17.5
19.15
21.9
24.1
29.85
27.75
32.4
33.2
32.2
32.4
30.65
27.45
31.3
32.4
34.1
33.9
32.75
29.95
32.75
30.55
35.4
33.7
32.0
33.6
34.65
33.05
31.7
30.4
31.2
34.65
34.75
34.95
32.25
28.8
31.9
31.45
32.4
32.05
30.55
37.75
33.2
32.0
33.05
33.85
31.2
28.3
33.55
32.25
31.25
31.85
34.35
29.7
31.6
34.0
33.65
32.85
33.95
33.9
32.85
33.9
31.5
35.0
31.8
32.5
30.45
33.9
32.9
33.2
34.15
35.3
33.95
33.0
38.7
31.6
34.75
36.6
35.85
33.15
33.7
36.6
32.9
35.2
36.7
33.65
33.15
34.4
34.15
37.0
34.55
34.15
34.7
33.6
36.2
33.0
35.05
33.9
34.95
34.4
34.8
37.15
35.5
34.85
34.95
35.15
37.2
34.3
36.05
34.3
32.45
36.75
37.7
38.3
36.15
37.6
34.75
34.35
37.2
35.85
30.4
33.2
29.65
33.6
32.65
34.0
39.05
34.2
35.6
38.1
38.65
36.75
37.9
35.55
38.9
35.6
38.05
39.55
40.8
37.0
35.4
36.6
35.15
37.7
37.6
36.7
36.25
40.5
36.4
36.8
41.55
39.0
37.45
38.4
33.15
37.8
35.55
33.1
37.4
38.25
36.25
37.05
36.8
37.75
37.7
38.2
36.95
39.7
38.85
40.8
36.6
38.5
40.0
42.55
38.55
37.85
39.8
39.9
41.05
37.25
40.9
38.25
40.9
36.95
38.45
39.85
41.0
40.35
41.7
40.15
35.7
35.7
39.85
37.8
41.1
41.9
38.65
39.7
37.55
36.25
38.45
37.8
36.15
39.5
38.85
35.6
38.05
37.65
42.15
41.45
37.6
41.0
38.25
39.3
39.8
41.0
39.1
35.25
39.7
36.45
36.4
39.0
39.9
38.7
39.5
42.35
38.2
34.4
41.7
37.75
42.05
38.35
36.6
37.9
36.05
35.25
40.65
38.8
37.45
38.3
37.25
41.4
42.85
36.75
37.6
37.3
39.3
36.65
39.05
37.25
38.6
38.45
39.8
36.45
38.8
39.45
39.15
37.35
37.8
40.3
41.6
39.4
38.0
39.95
43.65
39.15
39.7
39.65
36.45
36.95
40.05
38.6
41.85
39.35
35.95
40.15
36.65
40.3
43.05
39.15
36.45
39.55
39.65
38.0
41.9
40.25
37.85
39.45
37.25
39.6
36.85
39.7
40.65
37.7
41.2
38.6
37.8
36.3
37.5
40.25
41.55
39.65
38.7
37.8
40.2
38.75
39.6
37.0
36.75
39.8
38.9
34.75
37.95
42.45
39.25
38.8
37.85
40.8
35.65
30.85
39.75
41.95
36.6
40.3
40.7
41.65
39.5
35.5
36.4
37.9
38.5
39.8
39.4
36.65
38.15
37.55
39.0
39.85
43.0
35.5
37.3
39.5
41.5
42.0
39.45
36.3
37.75
35.95
39.45
37.05
37.3
34.8
37.15
35.15
36.8
36.6
37.35
36.55
36.2
37.4
37.4
40.5
38.65
38.35
38.9
40.95
41.65
38.8
36.3
39.85
40.9
37.8
40.45
38.0
36.0
36.15
39.2
37.85
37.5
40.45
38.05
36.8
37.5
36.05
32.2
35.5
38.45
41.1
39.45
35.95
38.5
36.5
38.55
36.15
39.1
35.75
40.65
40.45
40.25
38.95
41.65
34.95
36.85
39.65
35.1
40.4
38.2
40.75
39.25
41.1
38.15
42.45
37.1
40.25
36.55
35.65
41.2
37.6
34.7
38.85
38.3
38.5
39.0
37.95
37.15
38.55
32.45
33.65
37.0
40.95
35.2
38.15
36.8
39.4
36.35
38.3
36.8
34.2
40.5
37.8
39.35
35.1
38.5
34.45
38.7
37.75
40.3
41.55
38.25
38.35
40.55
39.7
40.05
38.1
38.8
34.8
35.2
40.95
39.1
39.1
38.7
39.4
34.4
41.85
42.05
37.35
41.35
36.5
35.95
38.95
37.75
39.25
38.95
37.6
36.5
37.0
39.05
43.65
40.25
37.05
39.55
41.45
38.3
36.3
37.35
40.45
43.0
37.95
37.3
37.25
39.85
38.2
41.45
40.35
38.8
39.95
38.35
42.65
39.75
37.95
39.2
37.7
40.0
39.85
37.35
40.6
42.45
41.85
41.25
38.65
39.1
37.25
42.4
33.15
43.2
38.05
40.15
37.2
41.25
37.1
40.15
40.5
38.7
39.45
40.85
42.65
36.85
41.0
39.2
39.8
36.35
38.15
36.8
37.6
36.75
37.8
41.75
40.95
38.25
39.2
39.25
40.95
38.0
41.5
41.7
39.0
43.65
41.55
37.3
37.75
38.95
41.4
39.0
31.3
40.7
36.55
41.8
37.7
38.1
39.35
39.2
40.15
33.85
39.25
41.8
40.7
41.05
41.3
35.3
40.65
35.15
39.45
34.6
38.15
38.15
38.7
33.3
40.0
41.15
37.9
39.35
41.95
35.55
38.3
36.4
37.25
40.45
37.9
37.8
38.65
36.2
38.55
40.05
37.4
40.75
37.3
37.35
41.35
36.25
37.4
39.35
38.45
33.85
37.85
38.1
39.35
36.55
38.8
39.75
38.55
40.5
39.15
39.5
40.05
34.75
33.25
36.25
36.75
39.45
40.55
39.9
38.75
37.4
37.1
37.6
39.6
39.0
37.05
35.9
39.3
33.25
38.15
42.65
39.15
33.8
36.95
34.7
35.85
39.7
37.5
38.1
34.0
34.5
31.4
37.65
39.5
36.95
37.3
34.65
37.65
38.6
39.65
41.1
37.95
35.25
41.5
38.35
34.95
32.85
37.5
41.15
37.3
38.85
34.65
35.0
38.5
37.15
37.3
41.3
38.8
37.55
36.9
38.25
39.65
38.7
39.05
39.25
34.2
39.95
37.25
38.15
35.9
40.0
35.25
39.1
39.75
38.6
40.25
34.65
38.25
36.8
39.0
34.35
39.05
35.8
35.1
38.1
38.35
35.1
31.9
37.15
40.85
36.85
39.0
31.25
38.4
41.7
33.9
39.4
38.15
37.3
40.7
36.75
36.3
37.35
37.45
36.75
34.85
36.7
35.7
33.75
36.8
40.4
36.65
37.55
37.05
40.4
34.15
35.4
39.5
35.05
40.1
34.95
40.75
39.85
37.65
40.85
36.45
39.1
33.5
36.1
38.7
36.45
34.5
38.9
34.05
38.9
34.65
40.65
38.8
36.25
35.45
38.65
36.15
35.35
36.9
36.55
34.7
34.35
37.75
39.35
36.4
39.9
35.25
39.45
38.3
36.05
40.15
36.3
39.25
37.3
37.65
35.5
36.4
37.5
38.35
33.9
34.75
36.65
37.8
37.3
35.3
38.2
37.05
38.4
36.15
38.9
36.45
39.8
37.2
36.05
36.4
38.15
38.35
37.55
35.15
38.65
41.15
35.3
35.65
33.75
38.65
41.95
35.85
41.6
34.8
41.45
35.15
37.15
36.85
37.95
33.9
38.9
35.1
33.9
39.85
35.35
37.15
36.05
36.4
41.45
31.75
36.9
37.65
39.5
37.7
36.65
37.95
39.45
40.6
42.2
35.65
41.25
33.6
35.0
43.35
36.25
35.15
39.1
32.55
39.6
40.05
39.4
43.5
39.45
37.5
37.1
38.55
33.4
37.9
37.2
37.85
37.65
37.6
38.55
35.65
36.45
36.0
39.55
36.5
36.25
38.05
34.7
38.95
37.7
29.95
37.95
40.8
36.7
38.95
36.65
36.9
37.35
35.95
39.05
35.2
40.05
37.55
40.15
35.95
35.85
40.6
34.9
40.25
39.75
39.4
40.65
37.6
38.55
38.95
36.7
40.0
39.7
40.5
39.8
35.35
39.05
36.55
38.7
39.8
38.0
38.8
36.75
37.75
38.7
37.4
37.3
34.75
40.35
40.5
39.1
36.95
32.65
37.1
39.7
38.15
36.5
33.55
39.05
41.0
37.35
43.0
38.65
36.65
38.6
36.15
36.4
38.75
38.3
38.35
41.45
37.5
37.7
40.3
37.15
36.2
41.3
37.15
34.45
38.75
38.7
37.5
36.85
36.6
36.65
35.5
39.9
39.25
36.75
38.6
37.6
36.75
37.7
37.2
43.2
41.85
40.5
37.3
38.95
35.25
37.75
39.35
40.1
34.65
39.15
37.0
38.8
37.8
38.4
40.7
37.95
36.4
39.15
35.7
34.95
36.4
36.65
31.5
38.8
36.0
40.95
40.2
39.8
39.8
33.1
37.45
40.45
39.65
37.2
39.55
39.4
39.1
39.1
38.7
41.2
37.8
38.05
38.8
38.35
37.1
37.7
40.4
39.75
35.9
38.7
40.05
38.05
38.55
39.4
43.8
38.95
39.15
39.25
36.05
37.0
33.1
38.6
35.1
36.85
39.2
37.1
40.5
38.8
38.15
38.55
41.1
34.65
40.15
35.5
40.85
40.6
37.4
39.2
36.45
37.5
38.55
38.85
37.6
39.45
39.4
38.8
41.4
39.9
40.1
35.25
40.5
37.25
34.9
38.55
37.95
44.9
34.9
37.65
34.2
39.2
38.35
35.65
35.85
36.8
35.65
37.75
36.75
41.5
37.95
34.2
35.45
38.35
37.6
40.35
39.25
39.4
41.1
37.7
39.95
40.3
39.55
40.0
39.2
35.5
40.1
38.55
39.8
42.45
38.45
39.45
34.5
37.4
40.15
39.6
38.85
42.45
38.3
38.4
36.65
36.3
38.55
35.15
35.8
40.4
40.05
40.35
39.65
37.7
39.5
39.65
37.85
42.35
42.6
42.4
42.0
44.25
40.45
39.3
36.75
40.7
39.25
37.75
41.6
39.0
42.2
39.85
42.95
38.05
38.85
39.85
40.05
39.9
43.25
41.05
36.9
42.2
39.15
36.9
40.2
36.5
39.6
44.0
40.5
39.25
39.95
41.4
36.1
39.3
42.75
37.15
39.4
37.45
43.25
37.05
42.5
38.8
41.7
39.15
42.0
41.4
38.4
38.2
40.35
41.15
39.25
33.9
36.5
40.2
38.45
41.25
37.65
38.6
39.65
40.3
41.8
39.25
40.7
37.25
40.05
38.3
38.95
42.3
40.9
36.65
40.2
38.2
42.15
41.65
37.5
39.1
35.3
37.95
39.95
35.8
41.8
39.15
38.45
41.65
42.35
40.15
35.05
37.65
41.0
38.9
38.8
39.55
37.8
38.4
40.3
39.3
35.75
39.2
41.7
38.3
41.65
40.9
40.9
39.05
40.7
40.85
41.25
40.05
37.85
36.7
41.25
40.2
40.65
42.65
40.95
39.3
41.8
41.55
39.95
41.1
40.95
37.45
39.25
40.6
40.8
39.35
43.5
40.1
39.75
38.0
39.85
39.7
39.55
41.95
38.55
37.25
40.25
39.9
42.35
38.65
39.65
38.0
40.85
39.65
42.05
40.85
40.1
40.95
36.5
39.4
40.3
40.6
41.0
39.85
42.15
41.65
43.45
39.3
39.6
40.75
37.9
41.8
41.6
39.75
38.65
39.5
41.55
39.55
41.7
38.75
39.05
40.2
41.3
39.65
40.55
38.3
37.25
38.1
40.4
38.0
41.25
38.1
35.3
32.65
42.55
39.35
37.75
40.7
38.9
41.35
37.5
38.6
40.1
37.25
38.05
40.8
39.9
35.6
37.4
36.65
38.95
37.55
37.85
38.95
39.9
33.4
38.05
34.95
38.7
39.9
37.6
38.0
37.55
41.5
36.6
37.05
41.55
36.5
33.0
33.5
37.45
38.75
37.95
33.35
39.2
42.05
40.55
37.1
37.65
34.6
34.45
31.9
39.1
37.8
37.7
38.45
35.95
40.6
37.3
43.05
40.45
34.1
32.55
39.8
36.25
35.3
38.55
40.25
39.4
40.55
34.5
36.1
40.1
39.3
36.15
33.4
41.2
34.6
33.3
38.5
36.9
37.75
37.0
30.65
38.65
39.1
31.9
37.65
38.4
36.85
38.65
36.9
36.65
35.5
35.8
41.2
39.3
39.5
37.8
36.05
32.8
36.95
37.7
41.0
34.4
34.8
37.85
36.9
36.05
35.3
37.3
37.75
38.2
42.55
38.25
37.8
37.4
35.65
38.0
40.25
37.8
40.95
41.35
37.4
40.6
38.0
40.35
36.85
35.65
38.6
35.15
40.3
38.9
39.4
38.55
40.8
40.2
39.35
39.1
34.55
38.1
36.85
36.25
37.5
39.4
37.8
41.95
34.4
34.9
40.4
40.25
37.25
36.05
37.9
38.35
38.9
41.2
37.5
38.4
37.85
38.3
38.9
36.8
41.35
40.4
42.55
35.1
35.65
36.3
37.9
34.4
36.05
37.15
40.8
39.15
38.95
37.65
30.6
35.15
38.1
37.8
35.1
32.9
36.6
40.6
40.15
37.35
35.8
42.5
38.9
35.25
36.75
38.0
39.95
39.5
37.25
37.45
39.05
38.65
39.25
38.55
35.8
38.15
33.4
40.95
39.55
39.4
37.4
39.35
41.75
36.2
38.1
35.4
38.3
36.8
35.9
37.4
35.75
40.8
37.55
38.95
33.75
37.45
37.7
38.25
38.15
37.55
40.15
32.85
38.7
39.0
