3.6
2.9
5.85
6.4
7.25
11.1
25.0
29.65
28.1
32.65
29.4
29.9
28.5
32.25
31.55
29.9
31.3
28.6
28.7
33.4
31.8
29.85
33.35
29.35
31.15
32.5
33.25
33.6
32.45
34.55
35.2
32.65
35.35
33.85
32.6
32.7
35.4
36.0
35.5
33.9
33.4
36.95
34.9
34.55
34.65
35.45
34.95
35.8
32.15
32.05
34.3
35.75
33.95
35.9
36.8
35.0
35.4
37.05
36.1
35.4
36.25
40.35
38.25
36.55
38.1
35.95
35.45
36.05
36.3
34.2
36.8
38.6
33.8
40.2
37.1
37.2
34.6
39.2
40.3
37.75
38.5
35.3
34.45
42.1
36.85
37.45
36.95
30.55
37.3
38.9
38.8
34.85
39.6
38.95
37.55
41.45
38.6
41.45
38.35
38.75
34.7
37.85
40.3
39.95
40.4
35.45
38.3
38.15
40.75
39.85
38.6
41.1
37.9
39.45
36.15
38.3
36.4
37.6
41.25
38.35
38.1
35.3
36.2
36.85
37.1
38.85
39.2
37.9
38.1
40.95
36.75
35.65
35.0
36.3
38.25
37.7
38.9
39.35
37.55
40.5
39.25
35.65
37.7
34.95
41.25
39.75
37.35
38.8
33.9
37.25
40.5
40.65
40.05
39.4
39.15
39.5
41.15
40.05
41.2
38.45
40.35
40.9
41.65
38.45
43.8
40.85
42.7
40.65
37.9
41.2
41.35
39.7
38.1
37.85
40.2
40.05
39.1
39.05
39.05
40.7
39.7
40.6
40.65
40.0
35.3
33.2
37.8
40.5
38.6
41.5
36.65
40.15
41.25
40.4
40.45
37.25
39.75
40.0
42.7
38.5
39.7
40.35
43.3
42.4
37.45
41.85
41.5
38.05
39.45
37.75
37.6
37.85
40.2
42.5
39.5
39.65
39.75
42.5
40.4
43.75
40.9
40.65
41.05
40.05
39.05
40.05
39.9
41.05
42.0
39.15
38.4
39.4
39.5
41.75
42.3
39.0
39.05
40.3
40.05
40.95
40.7
41.45
44.45
39.05
38.05
40.35
42.65
39.7
40.75
39.75
36.65
40.9
40.15
39.9
43.4
40.85
41.55
41.5
43.8
42.7
41.8
41.7
40.2
40.8
37.65
38.8
39.6
39.4
40.1
40.2
38.85
40.1
39.3
45.6
42.95
39.9
40.75
41.9
40.3
39.05
41.3
42.8
38.3
43.25
37.85
40.9
43.8
40.5
38.85
41.35
40.0
39.65
39.55
43.7
38.6
40.6
41.8
37.3
38.05
39.9
40.6
41.45
41.85
40.75
42.35
40.85
42.3
37.85
36.15
44.85
38.5
40.05
41.25
40.75
42.3
37.7
40.55
41.9
42.1
37.15
40.85
37.8
43.9
38.8
38.65
40.4
41.2
37.3
41.05
39.75
42.1
38.55
37.8
41.75
39.25
39.9
42.65
40.2
38.45
42.9
36.95
39.55
39.15
37.8
38.5
41.15
41.3
37.25
42.85
38.7
41.25
38.15
39.15
40.75
40.15
44.85
43.7
42.8
39.5
41.95
40.85
40.65
37.05
42.65
41.3
41.1
44.9
40.3
42.35
39.0
42.3
40.3
40.6
43.85
39.05
40.05
41.4
41.1
43.0
43.15
40.95
39.65
42.05
39.2
40.25
42.0
43.8
40.15
42.1
43.85
43.65
38.85
42.1
41.05
45.15
39.75
42.05
41.8
41.3
41.45
42.0
42.15
43.75
44.25
44.4
39.75
44.2
40.0
40.55
38.6
43.45
38.8
41.5
43.35
40.25
40.8
37.25
39.1
40.8
43.65
39.55
41.65
44.85
41.1
42.5
40.45
45.7
40.05
41.85
39.6
39.85
42.0
41.15
41.55
40.85
40.8
40.5
41.15
42.5
39.9
44.95
40.2
39.55
39.7
39.1
42.7
41.85
41.8
43.65
42.15
39.05
38.15
41.35
43.6
41.15
42.35
40.25
41.35
41.8
42.55
38.45
42.95
39.25
37.55
41.35
40.75
42.8
41.4
43.0
40.85
42.4
39.45
43.0
44.1
41.35
43.3
39.5
42.0
41.45
39.0
42.55
42.4
42.3
40.85
41.65
42.5
41.5
45.45
41.65
42.0
41.2
41.25
46.55
37.4
44.25
42.2
44.05
40.95
41.6
40.7
43.8
41.15
38.5
43.4
41.2
42.4
41.7
38.15
46.2
43.8
42.85
40.15
41.4
39.25
43.7
44.95
41.55
45.4
42.15
40.1
42.1
39.75
41.95
34.65
40.55
42.2
43.9
42.9
39.65
41.7
40.0
40.65
41.05
41.55
43.2
40.45
39.65
38.1
42.65
41.05
41.9
45.0
39.25
42.25
42.9
43.75
39.3
46.35
42.75
39.2
44.1
40.3
40.7
40.45
40.75
42.55
39.25
40.7
37.25
40.8
40.6
42.9
40.45
42.2
44.85
41.95
42.05
43.35
40.4
41.9
42.15
44.35
43.2
40.45
42.25
43.6
42.75
44.3
43.25
44.3
44.5
42.45
41.3
39.95
40.85
43.15
40.45
38.85
43.8
42.15
40.4
43.6
39.2
43.4
44.35
44.85
43.35
44.25
40.7
39.05
37.7
41.6
40.15
39.25
42.4
42.05
43.35
42.95
45.55
41.25
39.5
39.85
44.6
44.2
40.8
42.45
43.6
41.1
43.95
40.9
38.1
41.8
44.15
38.6
38.2
41.2
43.5
43.65
39.75
41.05
42.7
40.8
42.8
40.8
42.8
39.85
45.55
41.0
42.55
40.35
41.5
42.0
42.6
45.05
42.9
43.35
42.65
39.3
41.15
40.75
38.65
44.4
37.65
40.9
38.5
38.25
43.25
42.9
38.75
42.15
42.75
44.1
39.95
41.1
46.65
42.75
37.2
44.8
42.5
40.15
42.95
43.15
45.65
43.9
44.9
45.15
43.25
41.2
41.25
46.85
43.7
42.25
41.6
43.15
42.15
37.2
43.35
43.5
42.3
45.05
41.2
43.2
42.85
42.3
42.95
41.35
41.15
46.8
41.6
43.35
40.45
37.55
42.1
40.9
41.75
39.2
41.2
40.85
39.6
42.4
41.6
42.7
41.55
40.0
45.05
39.3
44.85
36.35
42.85
43.0
42.15
41.75
41.8
38.1
38.65
41.65
43.85
42.3
39.0
43.05
38.15
38.0
43.55
40.95
43.45
39.65
43.5
41.75
40.7
35.35
36.5
37.55
40.9
39.9
38.05
39.25
45.3
41.65
34.9
38.15
43.1
39.15
39.85
41.9
41.15
37.7
38.65
42.3
40.25
36.5
39.75
41.5
38.7
40.9
43.5
40.65
34.5
43.05
39.05
37.6
44.85
41.3
40.55
42.1
43.5
41.6
38.65
37.45
40.45
37.65
40.3
38.3
42.2
35.95
44.1
46.95
39.5
43.7
35.85
43.0
41.05
37.1
42.1
41.3
45.5
44.25
43.2
36.5
42.7
41.9
41.85
40.75
38.15
41.05
42.2
41.0
43.1
40.9
41.3
39.7
39.3
39.55
41.8
42.9
42.8
42.8
43.15
41.85
44.9
38.75
38.4
42.85
41.45
42.2
38.1
42.3
39.55
35.25
40.35
44.0
42.15
41.85
40.9
37.35
43.0
39.1
44.15
43.3
46.1
42.35
40.05
40.5
42.5
43.15
39.2
42.65
39.7
40.75
40.85
38.6
41.5
40.65
40.3
42.55
35.6
39.05
43.0
42.5
40.5
41.25
42.6
38.35
39.55
41.1
41.7
41.95
39.3
41.9
40.5
39.3
41.75
42.85
43.7
44.5
42.35
44.5
40.15
38.75
42.25
37.95
37.7
38.65
42.6
43.65
39.45
41.0
42.55
37.65
41.1
39.15
38.0
38.55
41.4
40.05
45.1
43.0
35.95
39.8
40.3
39.5
38.2
41.4
39.05
43.4
40.5
37.8
41.2
42.05
37.9
43.35
40.95
42.6
38.85
43.6
38.9
40.9
36.05
37.75
43.75
39.4
42.5
39.1
41.2
40.1
41.65
36.15
40.5
42.45
42.25
35.55
41.35
37.15
41.7
40.25
42.0
41.9
44.3
43.1
42.7
38.05
38.8
41.45
36.7
42.15
41.1
42.2
40.8
40.5
43.95
41.0
42.25
40.55
40.25
40.8
42.0
38.4
42.1
44.2
41.95
42.4
41.4
45.9
40.3
44.4
38.1
41.05
39.8
43.2
43.55
43.25
42.05
40.2
42.35
45.6
44.65
42.2
40.25
42.0
38.15
40.75
39.35
42.05
40.45
39.9
40.4
42.85
41.75
43.55
42.9
44.2
41.85
44.4
40.35
39.75
41.6
40.7
41.25
41.7
43.3
38.5
38.3
41.0
39.8
35.6
39.65
