0.5104821463802064
0.6197808348312832
0.5842625034998865
0.6391710714362142
0.7162269898720364
0.7122645628003668
0.7033318118860266
0.7568352846426623
0.7428466398776032
0.7239749544016459
0.7588651949335542
0.7011970034221278
0.7138185765819239
0.7270534114519547
0.7645192465940639
0.7504449302513647
0.7462443116449184
0.7300753642346004
0.7777991204975163
0.7615690821770575
0.7581853950055916
0.7217392712052244
0.799107475533759
0.7843370289948245
0.8190262661719012
0.8437674586447667
0.82392112909512
0.8340797193126142
0.856292978224519
0.9151670501482962
0.9048777482923869
0.8816548012818611
0.8918256755036449
0.8526694571374188
0.9104050520721341
0.8576075489668424
0.8974634468350822
0.8713593012575981
0.9117329839555431
0.872684897682716
0.872684897682716
0.885721543845932
0.8832869371520788
0.8726894071457114
0.8973310599747375
0.8846507462456568
0.8977028190343989
0.8715986734569148
0.9107548918231408
0.8846507462456568
0.8715986734569148
0.8977116458847265
0.8977119551010138
0.9140159885701612
0.8808528024710833
0.8758815611838093
0.8958114153503699
0.8719376432747744
0.8881977136874533
0.872466638743339
0.8778479751774325
0.8648782609307061
0.8909590743848412
0.9039716842486204
0.8981301240987977
0.8815518460664743
0.887428356866718
0.8895170194757018
0.9020543443992569
0.8759526888867581
0.8997033569956207
0.8682968008339689
0.8800272196926835
0.8400468416531414
0.8408631038944284
0.8643239416118578
0.8873036825362487
0.8356222322100629
0.8672518358755124
0.8447307393067064
0.8683129270526212
0.8649319273632925
0.8483623835390512
0.876459240563188
0.8888396451276236
0.8725685638274783
0.9046644127622873
0.8823716673788173
0.8789120154524722
0.8874460430135486
0.8680318608474881
0.8462627354322892
0.8771655302750017
0.860334982653062
0.8418968402111577
0.8819286297979405
0.8840397562391882
0.9340403545480795
0.914859539377438
0.9205470751318716
0.948770943371599
0.9113703911607647
0.9300706672661818
0.9113703911607647
0.9114272862860346
0.9301279095749878
0.8933756316308161
0.930559435850055
0.9298539192745864
0.8803309073704775
0.9241897111678112
0.9337384638698536
0.9218932686668939
0.932762640774883
0.9350192088910212
0.9289876405363259
0.9406410830758263
0.9254058835737693
0.9297034188113127
0.9394631008314528
0.9399624035342857
0.9337522319518248
0.9218092859732738
0.9361833614413267
0.9314026261544985
0.9327756174132213
0.93296757235516
0.9388485300532678
0.9621191269003825
0.940399998506725
0.9441826559096305
0.9221366437889051
0.946705974545214
0.9346026634128737
0.9631511384467644
0.9487493537915592
0.9429728386618244
0.9481126103898342
0.9430877833380567
0.9511836578683888
0.9321874661787628
0.9425466063955492
0.9441517464108271
0.9444181406104173
0.9383486717052778
0.9383486717052779
0.9448766464977719
0.9509461154029113
0.9442666943296969
0.9321277565194179
0.9398798026932556
0.9565612454658898
0.9628907374221993
0.9325062384214544
0.957086222627747
0.9501998981894568
0.9501998981894568
0.9504876095155568
0.9504876095155567
0.9383486717052778
0.9382245888351359
0.9383486717052778
0.9383486717052778
0.9444181406104171
0.9444181406104171
0.9504876095155567
0.9201402649898591
0.9445570290292915
0.9383486717052779
0.9383486717052779
0.9311637065040526
0.9383475321657977
0.9444181406104173
0.9460328534613802
0.9337013959247619
0.9444181406104173
0.9320382230158195
0.9444181406104173
0.9383486717052778
0.9621625611719533
0.9383486717052778
0.9686960162309752
0.94453302553889
0.9567487641727128
0.9380427336384752
0.9371623709293091
0.9433467247629215
0.9569017332061142
0.9371623709293093
0.9171932387955589
0.956220018838021
0.9382990242776719
0.9453945939299595
0.941292584852475
0.9529069484392612
0.9475275621598401
0.9370162426987149
0.9617449349727141
0.9476163412322507
0.9377366929672067
0.9619328428527691
0.9398614226426716
0.9422508649826294
0.9477647792143765
0.9571248844195726
0.9514590469384123
0.9617999375873941
0.9512954758009744
0.9523890692134647
0.9352224338575074
0.9466718271827286
0.9463960894574284
0.9405666808388304
0.9567369801064102
0.9622906509997081
0.9461203517321282
0.9515104514879882
0.9515104514879882
0.9407302519762683
0.9407550919704857
0.9515104514879882
0.9461203517321282
0.9461203517321282
0.9461203517321282
0.9461203517321282
0.9412097654575289
0.9407885711730994
0.935264121105005
0.9564767956311794
0.9472368123125106
0.9462984332879796
0.9407172860427384
0.9515104514879882
0.9245599527086886
0.9407302519762683
0.9515104514879882
0.9461203517321282
0.9353401522204082
0.9461203517321284
0.9420851891062668
0.936695089350407
0.9672808354293089
0.9461500004962625
0.9449238739202406
0.9468770499561829
0.9599690401282637
0.9558032352218028
0.9471624893129705
0.9565785165284979
0.9671190928040773
0.9665375972418438
0.9522157209468494
0.9668226447342292
0.9595469195923713
0.9494867049714738
0.9582229027958608
0.958737494711506
0.9490801810971636
0.9631080070634634
0.9678079135822836
0.9631080070634634
0.9631569259446756
0.9770103090476686
0.9542908665123836
0.9723246822850863
0.9630633755404224
0.9537081940258236
0.9584081005446435
0.9537081940258236
0.9584081005446435
0.9537081940258236
0.9584081005446435
0.9584081005446435
0.9678079135822836
0.9678079135822835
0.9678079135822836
0.9678079135822836
0.9537081940258234
0.9582470293776357
0.939447403302356
0.9678079135822835
0.9530345594492342
0.953886726715943
0.9631080070634634
0.9537081940258236
0.9631080070634634
0.9635618328294356
0.9635618328294357
0.9535925385506951
0.9724727239483053
0.9490082875070037
0.9722654247072728
0.9585611217671957
0.9631080070634634
0.9724230971786515
0.9490082875070037
0.9602261837211724
0.9622826343565969
0.9624783027725874
0.9622754419252637
0.9621600761129523
0.9543473564036594
0.9652642271772226
0.9655845343131034
0.9744823310595427
0.9630369773673634
0.9725647778627066
0.9704936514386979
0.9692872718926525
0.9696686958017174
0.9732020732186374
0.9696686958017174
0.9762222067077214
0.9664016196926525
0.9629260939950331
0.9693121958295366
0.9651590340123428
0.9726376399482358
0.9611815498211398
0.9683867787454293
0.962370834560258
0.9798487111526676
0.9732176202253907
0.9620216273793654
0.9614019493194943
0.9758624280006865
0.9658684196302172
0.965715079229018
0.9765429160013819
0.9609116844898467
0.9731552943803592
0.966838605996417
0.9641100196644553
0.9723265849503202
0.9758233633724915
0.9729612537640634
0.9702205968269342
0.9729970778637759
0.9720356342231732
0.9796905852350276
0.980062360502815
0.9784952822295722
0.9702205968269342
0.9811020417942421
0.9734821799579647
0.978279196278834
0.9814929205542823
0.9841484863868285
0.9834572746241677
0.984625155907868
0.9858771884827682
0.9848724843160751
0.9836953929542105
0.9856171353731138
0.984867802325265
0.9852474560479692
0.9863884174521347
0.9886669486078702
0.9863311860404697
0.9841193392748568
0.9829514579911566
0.9816596609056683
0.9828275421893684
0.9874764297041383
0.983972785853037
0.9863890817617882
0.9901896291213268
0.9843661858094652
0.9892780888517759
0.9834408963550866
0.9871996602495455
0.9839215840962809
0.9840144357335324
0.9847072086606301
0.984585656631858
0.9858041572921425
0.9822592658865583
0.9843775311660371
0.987012107185824
0.9882339055170062
0.9893767455727296
0.9869043757542775
0.9881480420924715
0.9855576268150369
0.9880835719033687
0.9827812274665668
0.9849127500646245
0.9883133294106843
0.9822615492705953
0.9854093407642607
0.9862915234952098
0.9856565373673181
0.9864441086596424
0.9868954001653238
0.9881134610004819
0.9873316697088551
0.9862827895647431
0.9861458818950692
0.9850745174042848
0.9866815641404616
0.987312489307018
0.9859449627525425
0.9861361464490006
0.9858833113548909
0.9862508353167362
0.9864432576957537
0.9848349724817617
0.9851692972098828
0.9826568520587896
0.9839170876863585
0.9879027755101177
0.9865706345395824
0.9858366238372588
0.9865706345395822
0.9857961147767046
0.9873046452419055
0.9873027297469967
0.9887726666465524
0.9858301944590853
0.9853694939477803
0.9887369131236907
0.9873370410381422
0.985817640117925
0.9858690196334955
0.9880710517404655
0.9837081709753963
0.9889766236903114
0.98816903374288
0.9858366238372588
0.9873046452419058
0.9842900235909063
0.9851671281129111
0.9861816669148891
0.9865706345395824
0.9865751074921695
0.9874155924317973
0.9859944089176185
0.9858497677942593
0.9847742711809733
0.9857813761794774
0.9861337135189931
0.9825292832211474
0.9830214720556241
0.9841175646357592
0.9822743767393423
0.9818897865396572
0.9808770025174379
0.9818377982636985
0.9835343808324819
0.9842496034379569
0.9842686814836021
0.9835343808324819
0.9835343808324819
0.9822670536535117
0.9815327530023918
0.9783132734881711
0.9777385359300096
0.9782675930708772
0.978275904930786
0.9793831559857715
0.9787675077298681
0.9788153643416365
0.9810479119781566
0.9812088955792486
0.9826261036623605
0.9820657795302414
0.9828000801813616
0.981461962460523
0.9820657795302413
0.9813314788791214
0.9820241603769257
0.9826986314611152
0.9819376760120674
0.9821615981767398
0.9842686814836021
0.9828000801813616
0.9814554551241649
0.9807211544730446
0.9812597411680841
0.9791440257640474
0.9817449334151505
0.9789803068166238
0.9758082217276559
0.9744126396370563
0.9761761511414025
0.9770371047990581
0.9799519058066071
0.9751750218836183
0.9730680145798594
0.974143781037793
0.9723442379271916
0.9763157916857516
0.9753120678939193
0.9818765867842337
0.9748486064935273
0.980524137876585
0.9766616295382609
0.9727489239263557
0.9767575803331668
0.9767543019734404
0.9750747886926847
0.9759589986478125
0.9780886647240339
0.9807109170909969
0.9802601856206593
0.9809376544513586
0.9821869661291915
0.9824784443367773
0.9815415607092717
0.983075998440817
0.9822269716657491
0.9842473149759142
0.9863205918149655
0.9849717080204717
0.9842964047724241
0.9867268755610444
0.9833818557352968
0.9866756210528648
0.9848465229786104
0.9827240267945893
0.987271911172153
0.9834974292052502
0.9863730482191941
0.9836225673824425
0.9863662144938242
0.9863662144938241
0.9836225673824426
0.9854516654566968
0.9836225673824426
0.983647291269486
0.9852718734708452
0.9856946574139471
0.9845431560507558
0.983807531699133
0.9844790271949921
0.9838601088740402
0.9840041319843003
0.9863662144938241
0.9845371164195698
0.9827080183453154
0.9845849772680314
0.9863662144938241
0.9845371164195698
0.9827080183453154
0.9885914658124746
0.9876769167753473
0.9891868316268221
0.9914718249265592
0.9907852235021734
0.9924977074788467
0.9923290309921035
0.9922941540384163
0.9922811141934709
0.992164550515729
0.9922599516926486
0.9924681019520802
0.991945908971916
0.9922303658908925
0.9918939546275831
0.9922303658908923
0.9922303658908925
0.9920621602592377
0.9913893377326193
0.9920621602592377
0.992398571522547
0.9920621602592379
0.992903188417511
0.992398571522547
0.9920573489741257
0.992363085024689
0.9919061889486563
0.9918793511076089
0.9917875827067656
0.9917617152706258
0.9921983160107153
0.9920450861516426
0.9920621602592379
0.992088489461046
0.9920149748196005
0.9918777096316225
0.9922303658908923
0.9922728825658057
0.9923985715225472
0.9925667771542018
0.9920621602592379
0.9918939546275831
0.9918939546275831
0.9920921164612814
0.9923735622571316
0.9920486361568333
0.9924578339580797
0.9920895961958897
0.9926448395974511
0.9923633938016009
0.9925065901678402
0.9922152504987334
0.9920581850603432
0.9920539984092234
0.99241835926906
0.9917582372132617
0.9924827518277899
0.9922030256737926
0.992328568422705
0.9920984137994815
0.9916465490103225
0.9918477641441006
0.9931701176352427
0.9912145537768609
0.9923573124474014
0.9933040805645446
0.9920871784006715
0.9921716593255707
0.9916742485396013
0.9905909999016895
0.9916742485396013
0.9897169682762467
0.9913069806982545
0.9928950934687011
0.9907769765575851
0.992366988979593
0.992890385873871
0.9929003593998663
0.9913003734518633
0.9907963961931119
0.9902469724169161
0.9917112555467158
0.9912734432154098
0.9911736229452789
0.992366988979593
0.9918427872424156
0.9922191034354337
0.9921465658399263
0.9922191034354337
0.9921123818061046
0.9915421429146566
0.9909220949716067
0.99180634954996
0.9923042555650395
0.9907755137209593
0.992366988979593
0.9917732223923273
0.9913069806982545
0.9928068541676666
0.992989938112885
0.992438180292015
0.9922529029153198
0.9949475198773975
0.9956637651416956
0.9954746285707448
0.9957315271944364
0.9943692563119898
0.9948065234888576
0.9950700612335431
0.9936587847981511
0.993818587339504
0.9934182371831778
0.993061156521754
0.9929016002095402
0.9942525269680724
0.9936920861765254
0.9925167866252906
0.992985882650161
0.9924470331227517
0.9925643493140461
0.9916890655528612
0.9914623473247755
0.9909455192556784
0.9930752052706782
0.9919160612320587
0.9923593542184925
0.9923593542184923
0.9923593542184923
0.9923593542184925
0.9929830881307872
0.992417803967359
0.9924845455281467
0.9924749346444098
0.9921683776283077
0.9927086965449468
0.9923593542184925
0.9924727234527412
0.9921661664366391
0.9921158887325445
0.9924224457486469
0.992869563288975
0.9921498301097511
0.9925608817399783
0.9928714285527714
0.9928964907152367
0.9930923959005591
0.9924474399342925
0.9910449977903844
0.9927708881950602
0.9931164206239462
0.9940747604645781
0.9941224475165388
0.9938974794534008
0.9939299789697407
0.9941452112309666
0.9940737606339921
0.9943004597899717
0.9944985645750544
0.9943379520408693
0.994561748040167
0.9944235800732594
0.9944011355059817
0.994163458677478
0.994486763538372
0.9943722069931559
0.9942576504479399
0.994278831961178
0.9940758800425773
0.99403721856117
0.9941467621844534
0.9942652397016192
0.9941473188814394
0.9945871808563218
0.9941047341267163
0.9942563950398255
0.9943347147422583
0.9944888433308954
0.9942576504479398
0.9943347147422582
0.9943515443000643
0.9943347147422583
0.9944117790365767
0.9943347147422583
0.9943347147422583
0.9948255048612753
0.9945172476840014
0.9954668936978672
0.9965990726534759
0.9969595202389744
0.9973105989820722
0.9962303553992621
0.9969595202389744
0.9980531776621697
0.9962355464013026
0.9965990726534759
0.9969625989056494
0.9964556868922259
0.9976715022777549
0.9963356809394893
0.9966759877118339
0.9966613876180608
0.9968183009975193
0.9972012770025286
0.9967201002537367
0.9962998724135744
0.9960537207496787
0.9956986781278234
0.9951381488577589
0.9956661615570097
0.996596053822112
0.9946886357946454
0.9961549244381918
0.9951426618648076
0.9956314247459899
0.9957832828438301
0.9956410236069411
0.9956517611164546
0.995224542035411
0.9956653615041497
0.9961584773603585
0.9961584773603583
0.9976064713439173
0.9970500093682426
0.9966319378012664
0.9966436873193739
0.9961549244381919
0.9961549244381918
0.9966436873193739
0.9971324502005562
0.9966436873193739
0.9964331512286784
0.996093934657333
0.9954645132879281
0.9957633645284047
0.9963721614478196
0.9965751372315175
0.9961549244381919
0.9956039947032689
0.9965283866728374
0.9956827767833971
0.9971286290518382
0.9961549244381919
0.9956661615570097
0.9971324502005562
0.9961549244381919
0.9961495624073089
0.9976212130817382
0.9956661615570097
0.9949214016882646
0.9961480752123377
0.9961549244381918
0.996623114829886
0.9959530262346924
0.9967281609106827
0.994015798750134
0.9967070352663013
0.9959863972866447
0.9965072267759816
0.9960184638947993
0.9961978838882167
0.9957709769396512
0.9956661615570097
0.9961549244381919
0.996218586020226
0.9962143940976075
0.9956859721814698
0.996163811443893
0.996585629469626
0.9955653949190483
0.99483309417741
0.9961549244381919
0.9961324551359045
0.9971099808982687
0.9951628323943487
0.995683018124749
0.9976287477859348
0.9956882476072708
0.9968223719122713
0.9961925929830985
0.995762680386186
0.9961747154983225
0.9966252430980986
0.9951055930228978
0.9946080969830933
0.9951055930228978
0.996109923833821
0.9942071670526845
0.9947286680233303
0.9967375391204898
0.995707554312186
0.9957036047421421
0.996788155901277
0.9964396062455861
0.9968638900442819
0.9963191612662194
0.9965952211124852
0.9956412831661015
0.997763325772121
0.9956326254162091
0.9951189240205316
0.9959517269103435
0.9951361968542619
0.9968611025492324
0.9963914983189006
0.995997019636753
0.9955649781805136
0.9968611025492322
0.9964290610929927
0.9969156374233682
0.9960017138433017
0.9943677398286697
0.9952124634134698
0.9960434892679068
0.9970065039484558
0.9964727210476649
0.9960472246283544
0.9956370074284159
0.9960492946727652
0.996395912808417
0.9952761597911015
0.995291660076808
0.99649138884089
0.9948979343828738
0.9960320170255554
0.9959580211164951
0.9960829396569212
0.9945596361993022
0.9955022940128652
0.995010923694647
0.995508405652146
0.9959955281084996
0.9959518750146158
0.9949290515553063
0.9949279802631168
0.9943971739008454
0.9959179076238932
0.9953172490904253
0.9943957349670164
0.995355588626914
0.9954223293170731
0.9953589675716051
0.9948463743443581
0.9959004555309086
0.9969551441533915
0.9953449916061146
0.9958772504530049
0.9939569361728136
0.9964175415831251
0.9947727739949428
0.9952858466751318
0.9950195983646649
0.9957621249369456
0.9954059157523168
0.9952777968190532
0.9959059247558146
0.9959059247558146
0.9953298814454795
0.9953298814454795
0.9950486702130622
0.9956179031006471
0.9958354624177413
0.9961939464109824
0.9956202911399575
0.995904771269419
0.9950358889526469
0.9961855875340067
0.9956320826105888
0.9956179031006471
0.9964828391997773
0.9964715237370243
0.9959108551334446
0.9953298814454795
0.9956179031006471
0.9961939464109824
0.9961939464109821
0.9956179031006471
0.9950207984763907
0.9956179031006471
0.995567073497129
0.996283335155886
0.9956717873144505
0.995387534814635
0.9959131621871379
0.9953065176466532
0.9956175348587701
0.9966160266767741
0.9963384593445397
0.9960999684646918
0.9958119468095242
0.9960504376893724
0.9952485688303379
0.9956420885318575
0.9959059247558146
0.9959059247558149
0.9953279208567677
0.9959059247558149
0.997058011376485
0.9953218469088088
0.9958481964756831
0.9958591306431936
0.9964499201966565
0.9949719749477994
0.9964499201966565
0.9950045464055359
0.9956071927294401
0.9956179031006471
0.9953274796713704
0.9959042658585135
0.994745841000628
0.9961938189744151
0.9959021037193325
0.9961966342720769
0.995038896766907
0.9959042233796577
0.9967746766890375
0.9958476635666482
0.9958476635666482
0.9960479865337761
0.9956135643322218
0.9955287293189412
0.9959031599269792
0.9947447775479497
0.9953239687374644
0.9956135643322218
0.9959031599269792
0.9952691187244239
0.9951821807688314
0.9960509675531035
0.9961379055086962
0.9949831372109651
0.9964806082455757
0.9956246958978529
0.9953657636383048
0.9956600644223824
0.9959031599269792
0.9961927555217367
0.9964823511164941
0.9965135140609748
0.9956135643322218
0.9956135643322218
0.9955527721463178
0.9962243015320688
0.9952283329238535
0.9953205349479125
0.9961912998183161
0.9955897006949282
0.9956465268025247
0.9956679641727189
0.9959714150089976
0.9967372688408005
0.9964593841309568
0.9959917995008609
0.9962168979957561
0.9957560116757473
0.9959932752583593
