6.75
17.55
29.25
32.1
34.55
31.25
34.4
33.95
37.1
33.95
31.55
36.25
34.55
33.95
36.0
37.15
35.8
32.3
35.6
35.85
36.75
37.45
37.9
35.85
39.55
38.2
37.85
38.8
36.7
37.25
39.6
41.25
39.1
42.1
37.95
39.0
40.35
36.5
39.25
41.85
38.5
36.95
44.4
39.7
42.35
37.8
38.35
36.35
39.2
40.75
39.8
37.6
39.05
36.5
35.0
38.5
39.0
41.35
39.0
36.8
35.85
37.9
40.55
36.35
37.2
41.55
39.35
37.75
41.6
41.75
42.75
38.45
39.55
36.85
38.4
36.15
37.7
35.5
37.2
38.65
41.0
40.15
34.0
40.25
38.3
37.1
36.0
42.0
31.1
38.85
39.9
36.3
40.6
39.5
30.85
33.05
39.2
40.25
39.9
38.6
42.9
37.65
42.1
44.3
39.25
39.7
39.55
38.2
42.1
35.5
33.2
39.25
42.1
40.3
39.45
39.5
39.4
39.15
38.65
44.8
39.15
39.4
40.6
38.95
41.55
43.35
38.45
40.6
38.7
36.85
41.9
43.4
39.05
42.85
40.7
40.3
39.4
36.95
37.05
39.45
36.95
41.45
37.6
41.45
35.85
40.8
38.75
39.3
42.05
43.2
44.85
41.45
37.9
44.25
39.15
38.95
43.6
41.15
42.35
42.4
38.25
41.35
40.0
38.0
40.9
42.2
41.1
40.75
44.45
41.95
39.85
40.55
42.2
39.75
39.65
35.25
40.95
42.1
38.85
41.05
33.8
41.25
41.05
40.55
42.15
39.8
44.15
39.65
35.3
39.75
41.4
40.85
36.3
37.7
39.0
38.2
41.35
41.9
40.75
41.0
42.3
39.5
41.35
47.1
39.9
42.05
41.15
43.0
42.85
45.2
40.6
38.95
39.55
42.65
40.35
39.85
40.7
44.75
40.8
39.4
40.35
42.9
40.15
39.7
41.95
39.35
38.7
39.25
36.1
41.35
41.8
37.25
42.3
40.7
34.5
44.05
38.9
37.7
44.05
39.5
37.65
42.25
38.6
34.7
36.15
42.2
41.25
41.35
39.6
44.5
42.9
40.0
42.4
37.2
41.05
39.8
40.45
39.5
36.8
43.35
41.35
34.75
39.75
42.75
40.35
40.9
39.9
36.85
38.9
45.05
38.7
43.25
40.4
42.55
40.15
39.3
38.55
44.1
41.25
45.45
35.8
34.05
40.05
38.4
36.3
43.3
42.05
35.3
37.1
42.25
41.3
39.25
38.9
37.75
37.75
43.0
37.3
39.15
37.35
39.5
34.9
34.9
40.95
39.55
38.85
37.55
40.6
36.35
42.05
40.4
44.15
40.75
43.5
38.8
40.35
37.2
31.25
41.95
33.8
39.55
39.85
37.5
39.75
35.85
37.5
40.95
42.05
37.45
37.15
39.8
37.75
37.55
38.25
34.95
41.6
43.8
43.5
40.45
39.35
41.85
41.4
39.8
45.3
38.45
40.15
45.6
40.5
41.85
44.7
43.15
43.6
44.85
38.9
44.6
40.3
43.65
43.25
43.65
40.05
42.85
43.95
39.2
43.4
40.45
37.8
43.75
41.7
42.0
44.5
40.55
39.5
43.5
40.6
40.55
43.3
41.8
43.1
43.9
37.65
36.4
40.15
42.05
38.3
39.5
43.1
40.5
39.7
36.4
37.3
39.5
36.7
43.5
36.15
41.35
40.1
39.15
38.0
39.8
41.3
40.1
42.05
42.6
41.15
39.1
41.0
40.85
40.0
38.65
40.95
41.25
42.5
37.4
40.85
42.6
38.15
33.25
37.3
35.45
41.3
37.75
36.1
42.65
37.45
38.1
41.15
39.4
38.8
33.35
40.65
32.55
40.15
41.6
37.5
38.25
42.45
41.55
36.9
37.2
34.05
36.25
42.5
40.45
38.65
39.65
40.8
39.3
40.85
37.5
37.95
42.25
34.85
41.25
44.5
40.35
43.15
38.3
36.7
42.1
39.8
40.3
37.65
38.1
36.85
42.8
42.75
40.75
42.15
38.25
40.4
39.0
37.95
39.35
42.2
43.05
39.15
39.7
38.15
39.95
33.55
41.8
36.6
38.95
39.55
42.5
38.1
37.65
40.3
37.05
36.4
38.1
39.9
36.2
35.4
38.65
41.9
40.3
43.9
27.9
42.6
33.6
42.1
38.3
40.4
35.65
33.0
38.15
35.7
40.55
38.45
40.3
36.2
41.75
34.95
37.0
39.15
37.8
38.15
31.9
40.8
33.55
32.3
44.4
38.5
35.8
42.85
35.7
39.15
39.55
34.25
42.25
44.95
35.95
42.7
27.95
39.15
38.05
31.0
31.6
33.35
39.2
35.2
40.2
37.25
39.25
36.45
39.6
30.1
37.7
37.35
36.65
35.35
41.4
32.75
29.35
36.3
40.4
39.65
35.0
38.9
40.25
42.8
42.3
41.4
38.35
39.3
42.15
39.55
39.8
35.35
41.3
30.65
34.75
34.7
39.95
38.45
35.2
32.15
31.95
34.7
36.85
34.0
38.3
30.35
38.65
34.5
42.15
36.0
38.3
30.6
35.0
35.55
27.7
35.8
34.95
41.1
34.25
41.4
39.15
30.15
42.0
30.3
38.3
32.1
35.6
34.55
35.2
35.3
39.35
37.05
36.7
43.8
37.7
35.95
36.55
41.0
42.45
40.2
34.15
42.3
41.85
39.2
44.8
43.95
38.9
38.45
38.3
35.2
38.6
38.6
36.8
40.3
42.1
41.85
40.8
41.7
37.8
38.4
44.25
42.55
41.3
33.3
39.2
44.35
38.1
35.4
40.95
37.1
42.45
40.45
40.1
39.3
38.55
37.3
39.85
39.95
38.6
37.75
41.95
41.6
39.2
39.25
36.85
38.9
41.7
38.25
39.85
33.5
37.45
38.05
40.7
38.2
39.3
37.35
40.4
39.55
36.75
40.0
41.1
37.0
37.9
37.85
44.25
40.75
34.4
35.4
44.75
41.7
37.05
40.6
41.7
37.9
35.8
44.45
43.05
41.05
38.65
36.6
42.95
39.7
37.25
37.95
36.85
40.35
39.35
40.3
40.15
37.2
37.95
43.7
38.85
39.9
40.15
40.75
39.8
39.3
42.15
37.65
37.35
35.95
40.15
41.6
38.6
41.0
35.45
40.0
41.95
38.0
42.5
40.05
36.7
32.35
39.3
38.3
40.8
37.5
28.9
40.4
31.05
34.6
40.7
39.15
40.0
31.8
38.65
42.6
39.2
33.0
38.15
36.15
32.25
36.15
39.7
41.6
40.45
41.75
38.75
31.3
40.75
31.35
38.05
42.0
38.15
43.0
35.35
36.7
37.0
40.35
44.45
43.4
42.7
42.8
42.6
35.45
39.0
40.1
38.15
41.1
38.5
39.25
44.4
39.0
38.95
40.25
35.5
38.95
36.1
35.8
40.25
40.85
42.95
42.3
43.55
41.9
41.0
40.45
30.4
46.6
41.25
33.9
39.35
38.95
43.1
43.9
42.2
40.45
44.6
39.1
38.0
36.9
41.55
42.3
41.45
43.0
41.55
37.0
37.65
39.9
37.75
37.9
34.05
44.35
38.3
35.05
38.85
37.55
43.05
36.35
34.9
36.7
38.8
40.1
42.4
38.95
36.65
38.25
41.85
40.15
42.65
43.55
36.85
38.7
36.05
41.55
38.8
37.9
42.4
35.75
42.35
44.05
34.3
34.85
44.45
42.0
35.8
39.95
41.0
42.45
42.05
42.5
44.25
43.3
41.2
35.4
39.05
42.75
42.25
41.1
41.25
43.8
40.65
42.5
40.75
43.35
42.05
39.35
37.6
43.05
41.0
39.0
42.15
39.8
40.95
39.1
42.25
38.3
42.3
40.4
42.05
35.9
38.3
39.2
38.85
40.7
38.3
40.85
40.25
41.55
42.1
37.1
40.05
44.45
41.15
43.25
39.05
41.1
42.75
34.95
43.25
36.95
37.8
44.0
43.6
45.3
40.25
39.3
43.2
43.55
39.3
42.3
41.1
43.05
37.5
35.85
43.55
41.3
39.45
43.25
39.75
33.6
35.45
37.9
40.4
29.0
38.45
39.1
39.5
39.15
38.5
43.15
41.5
40.45
37.0
36.5
39.8
38.95
38.3
40.85
36.6
39.95
44.05
45.1
38.6
39.1
39.65
40.4
43.1
39.2
37.9
45.05
39.15
40.4
40.75
41.4
34.1
36.85
40.15
35.35
38.1
42.85
42.75
42.2
38.9
40.75
42.6
41.75
38.35
39.6
43.1
43.1
44.05
44.05
36.6
43.0
42.15
40.75
42.25
43.0
38.15
41.15
40.75
39.4
40.75
35.15
37.6
39.25
36.75
41.25
37.75
42.1
