8.9
22.0
33.8
34.9
33.2
35.0
36.3
33.9
35.6
37.4
36.85
36.05
36.9
35.5
32.8
34.7
36.55
36.3
34.75
31.0
33.05
35.0
33.85
34.95
32.7
34.05
37.0
35.7
34.25
31.65
34.65
34.7
33.15
37.55
34.6
30.4
35.0
36.05
33.25
36.85
37.45
37.25
31.5
35.2
37.45
36.75
35.65
32.8
34.1
37.65
34.85
36.3
33.6
36.8
31.7
35.05
33.15
36.05
34.95
33.55
32.15
35.35
34.45
36.0
36.2
35.3
38.6
34.05
33.95
36.05
35.2
32.15
36.1
38.1
34.45
38.35
38.15
33.5
36.4
35.3
37.75
33.6
35.55
33.5
38.65
38.45
38.85
34.85
38.8
39.65
36.2
40.65
35.65
34.05
39.25
38.55
36.35
33.85
37.0
39.8
36.2
37.3
38.25
40.75
37.4
39.4
38.25
36.6
36.7
40.05
39.35
35.8
41.0
37.95
39.7
39.75
37.3
40.45
36.0
40.1
38.0
36.7
36.15
35.15
37.25
35.55
39.35
34.25
38.3
38.4
36.9
38.05
38.1
38.1
38.95
37.9
38.55
39.05
38.6
38.65
39.45
41.35
40.15
38.9
36.85
38.5
40.75
39.35
38.15
38.0
37.75
38.6
34.25
38.35
40.9
41.25
40.0
36.3
34.3
39.3
39.45
32.8
40.05
35.8
34.55
36.95
38.9
37.15
35.0
39.75
38.35
38.35
37.3
36.8
38.05
35.55
38.5
38.0
37.6
41.05
37.95
37.0
39.35
38.05
38.2
39.15
39.35
37.0
39.95
37.6
42.7
38.15
38.7
39.4
36.75
36.5
37.25
34.25
38.25
37.15
36.0
37.9
37.8
39.85
38.4
39.05
37.55
36.2
38.7
40.6
40.1
38.8
40.65
37.95
36.45
38.0
39.8
39.2
38.6
37.85
35.4
35.9
38.7
35.15
37.9
39.0
32.2
39.75
38.1
36.15
36.25
34.85
39.7
37.8
41.15
37.9
39.8
35.7
36.45
34.8
38.9
35.85
40.25
36.65
40.75
38.35
37.7
39.5
34.65
35.4
37.55
38.1
35.45
37.45
38.05
37.5
37.85
37.4
37.5
36.65
37.5
43.05
37.8
37.85
40.4
37.85
35.65
37.3
35.35
40.1
31.65
39.8
36.75
34.15
34.95
35.8
33.2
39.55
36.7
34.55
36.9
37.7
35.45
39.3
36.9
36.45
33.8
39.0
37.05
39.3
36.05
39.55
39.5
30.35
37.85
37.9
34.95
41.5
36.05
35.25
37.7
40.55
37.35
38.5
38.05
33.8
41.65
40.5
36.8
31.95
36.45
33.7
35.75
41.05
41.25
37.0
37.85
36.45
40.05
37.55
39.35
37.5
40.55
35.9
38.05
36.5
38.0
37.75
37.6
37.25
40.4
37.2
33.55
38.9
39.25
41.5
38.8
34.85
40.6
37.15
37.8
41.75
38.65
43.1
34.75
38.1
36.95
37.05
38.8
41.85
35.15
36.75
37.1
38.3
37.8
36.35
40.3
39.9
41.8
41.05
39.75
41.6
37.05
40.75
41.95
40.9
35.9
40.15
40.05
39.25
36.15
38.4
40.25
40.95
37.35
35.15
37.9
41.45
38.0
39.9
38.95
38.15
40.3
41.0
40.75
39.5
41.85
43.4
40.6
39.15
38.45
40.1
40.35
40.4
40.0
40.25
41.05
42.3
38.7
36.9
37.0
39.2
41.65
40.95
37.9
39.05
36.95
38.7
39.25
38.2
42.3
36.1
41.0
37.25
39.55
39.85
42.95
41.05
38.15
35.15
37.8
39.2
43.1
35.55
42.15
39.7
38.3
40.9
41.3
38.15
43.55
38.45
41.3
41.4
34.85
43.45
41.35
38.85
39.25
38.25
40.75
39.75
38.05
41.35
39.95
38.05
36.55
42.9
41.7
39.95
40.6
36.65
41.65
32.3
36.3
40.5
39.45
41.35
42.45
43.7
39.95
40.3
38.25
41.55
37.85
40.35
38.85
38.95
41.6
38.75
38.65
41.85
37.5
39.1
42.65
38.7
40.85
40.75
42.3
41.8
43.45
37.15
37.8
41.7
37.9
37.4
39.8
41.3
41.2
41.65
40.85
41.55
45.45
39.55
43.8
41.6
39.8
38.7
39.65
39.35
43.0
35.15
39.75
40.2
40.15
36.3
38.7
38.6
40.9
39.15
45.25
39.15
38.8
42.7
41.1
38.05
42.95
42.65
42.55
40.55
38.0
41.0
37.6
41.05
39.15
41.65
42.95
41.5
41.5
42.95
40.85
41.75
37.55
42.1
39.4
40.8
40.7
37.75
41.8
45.15
43.75
39.95
39.9
41.7
42.75
44.4
40.3
43.75
39.5
41.4
40.15
40.55
42.2
40.05
43.05
43.5
39.1
42.3
41.7
42.45
43.75
38.85
42.45
41.75
40.4
38.5
37.1
43.3
40.4
39.4
39.35
40.45
41.3
41.5
39.75
41.25
40.2
40.35
42.25
39.1
43.6
39.65
44.75
41.85
39.4
41.2
41.6
41.75
42.3
36.4
40.25
40.85
41.6
41.55
36.5
37.4
42.4
41.45
37.45
43.25
39.3
42.45
43.9
36.45
42.55
41.6
41.5
39.0
43.15
38.4
43.3
43.8
42.4
43.2
39.75
38.4
38.95
41.1
38.0
41.9
35.0
43.8
39.1
42.55
43.1
41.1
37.45
42.2
41.25
37.8
37.1
37.75
42.75
37.3
39.7
43.9
37.95
43.9
41.25
41.3
38.7
38.6
42.8
44.45
39.3
42.35
41.85
40.25
40.85
39.3
41.75
38.5
41.3
41.8
37.75
41.8
38.7
44.15
39.95
39.2
42.55
41.4
43.8
41.65
44.25
42.1
37.5
41.85
43.2
43.4
38.75
44.05
39.8
44.3
43.1
40.9
41.9
40.7
40.6
38.45
35.35
40.95
40.2
43.55
45.5
40.75
43.25
37.95
40.85
43.75
42.35
43.45
36.95
41.9
38.5
41.85
39.5
39.65
37.3
38.15
40.65
41.65
40.95
41.25
41.45
38.35
46.15
40.7
41.7
40.45
36.9
40.9
35.4
40.0
42.5
41.55
43.65
39.95
43.95
41.15
43.85
45.4
37.35
39.3
43.1
35.25
38.35
39.85
41.55
38.35
39.5
44.4
41.05
41.3
38.25
39.4
40.9
41.0
43.8
37.6
41.4
41.2
40.15
41.55
40.9
40.95
41.7
36.0
41.05
37.55
41.35
40.5
39.4
42.55
41.35
43.3
42.5
41.75
41.0
40.8
43.3
38.75
39.65
40.9
37.95
36.6
40.25
35.9
41.55
42.25
34.1
39.6
40.3
40.2
41.8
44.4
40.55
41.5
42.3
40.5
42.25
40.5
43.5
41.95
33.95
42.95
39.15
41.95
37.8
37.35
40.3
42.65
39.6
40.25
44.05
42.7
41.45
38.5
40.25
39.25
38.35
40.1
43.3
41.95
40.1
41.9
44.7
41.8
43.0
36.9
40.2
44.05
39.7
38.7
38.65
39.5
40.0
45.25
39.75
40.6
42.15
35.75
40.15
41.8
40.9
43.25
39.05
37.1
39.05
38.2
40.6
44.75
40.2
42.7
43.65
40.35
39.75
42.35
42.7
44.45
43.3
43.6
40.05
40.75
42.8
38.05
40.25
43.05
40.05
45.3
42.9
41.65
39.6
39.5
40.7
36.4
43.3
42.45
40.95
41.85
43.85
42.0
39.3
40.55
43.4
39.9
39.95
43.9
41.3
43.6
40.5
40.25
42.2
38.35
39.1
44.8
43.7
40.7
42.65
41.25
41.8
38.15
39.5
41.2
40.7
35.2
41.15
37.85
41.1
40.4
44.05
43.35
40.0
41.1
40.5
40.35
41.5
42.35
41.75
43.0
42.95
38.3
43.7
38.85
41.25
34.35
41.8
39.55
41.15
41.85
42.55
41.85
39.05
38.5
42.0
38.05
40.95
41.2
40.8
41.8
38.75
43.3
39.95
38.9
43.55
42.1
40.3
41.35
45.55
39.35
38.45
40.1
44.75
37.3
42.9
41.05
41.95
41.05
41.1
42.5
37.4
42.65
40.55
44.1
40.0
45.45
39.55
40.75
37.55
42.2
43.45
40.15
41.8
45.65
42.1
44.15
37.75
39.9
42.3
40.2
36.5
41.55
44.1
41.5
42.6
42.4
37.85
43.2
37.5
41.55
43.3
39.5
43.9
42.05
43.05
39.65
38.7
40.2
38.45
44.0
41.55
41.1
39.6
41.1
40.6
44.25
42.9
40.1
39.75
40.4
43.5
40.8
39.2
42.6
43.6
40.25
41.35
41.05
40.05
