5.85
13.25
17.2
21.05
17.1
25.9
22.85
23.3
26.95
28.2
32.45
26.3
29.4
29.9
29.05
28.75
30.6
27.25
31.5
31.7
28.0
32.55
29.25
28.3
29.1
28.85
29.9
27.85
29.35
29.75
31.2
30.25
30.45
27.05
29.75
31.35
32.15
29.9
30.35
32.35
30.4
32.05
32.4
31.9
35.0
26.9
29.1
32.8
30.9
30.7
28.65
33.3
31.95
34.8
34.3
34.45
37.15
33.6
35.15
37.35
34.4
36.5
30.0
35.5
35.05
34.75
33.1
35.9
35.0
33.05
34.3
31.35
35.8
36.2
33.0
31.85
31.9
34.6
36.5
33.8
35.9
34.05
33.0
31.9
34.95
32.95
33.3
33.7
36.4
35.7
30.15
33.2
34.05
35.75
35.55
31.55
33.1
35.7
35.55
32.0
30.35
31.8
34.6
33.7
32.1
33.9
33.2
33.65
31.9
35.45
35.15
34.85
36.35
36.55
36.95
34.8
34.0
35.15
37.25
33.3
37.2
35.85
37.85
33.45
33.0
31.8
29.75
33.7
36.4
33.95
36.45
36.35
31.65
34.65
37.25
35.8
35.3
37.65
34.3
33.4
36.7
36.0
34.1
33.7
33.6
37.75
40.45
36.65
37.45
34.85
37.25
34.2
33.55
33.7
32.95
34.0
33.75
34.95
34.1
35.45
36.85
36.0
36.05
34.0
37.9
33.5
38.0
36.4
35.25
38.2
36.3
35.6
36.85
36.55
35.85
34.7
38.7
34.3
36.65
36.75
35.65
38.05
36.9
35.2
37.45
34.15
34.3
40.05
39.2
35.75
39.15
38.0
36.9
36.4
34.7
33.85
34.2
35.65
35.85
34.2
38.6
34.8
33.85
37.75
37.75
36.7
37.05
35.8
37.9
37.1
37.25
36.2
37.9
39.05
35.5
35.95
36.15
40.15
37.7
34.65
40.2
40.0
36.0
34.5
37.55
37.2
39.75
38.05
37.6
34.75
38.2
39.2
35.6
37.0
37.4
38.35
37.8
30.85
39.05
36.5
36.7
34.0
34.65
37.55
39.5
36.95
37.4
35.8
41.8
37.5
36.7
36.25
40.65
39.75
35.7
36.1
35.0
39.5
37.6
39.85
39.65
39.9
38.35
42.75
37.3
36.35
36.75
36.0
39.0
35.45
33.25
37.35
37.95
34.45
37.9
40.35
36.45
36.9
37.25
34.85
38.2
37.3
39.8
40.35
37.5
39.65
36.2
37.1
38.95
37.45
36.25
36.95
33.65
38.2
36.65
40.0
39.85
37.6
39.8
38.3
36.25
38.15
36.85
36.1
36.15
33.8
35.0
36.1
38.05
39.85
39.6
36.95
40.3
30.35
40.8
39.45
38.1
38.35
38.85
37.6
36.45
35.4
35.05
40.85
39.35
38.15
36.15
38.9
37.0
39.45
35.95
36.3
37.7
37.45
37.65
40.4
37.2
36.3
37.6
39.35
35.4
36.9
38.65
39.5
39.3
41.1
39.85
38.7
37.5
40.65
36.05
38.95
39.35
37.1
39.05
40.45
37.75
35.5
33.65
37.25
37.45
39.8
38.0
37.55
36.6
37.9
36.6
35.2
35.6
43.25
36.4
37.15
36.05
37.7
37.8
37.75
37.2
36.95
35.1
36.1
38.75
37.2
39.4
36.3
36.65
35.75
35.9
38.55
38.95
38.2
38.3
37.9
37.6
37.1
34.9
34.95
36.45
36.9
38.0
34.25
37.45
36.1
36.95
37.2
38.95
36.7
32.65
39.0
37.8
37.1
39.55
39.9
35.25
36.3
36.9
36.25
37.15
36.4
37.35
39.6
37.0
32.5
37.25
33.9
37.6
38.35
33.4
38.45
39.6
34.15
34.85
35.7
35.15
38.5
34.65
39.05
38.25
33.9
36.7
37.8
39.55
38.1
37.95
40.15
36.5
37.45
38.85
38.25
40.0
34.4
36.5
35.15
35.9
34.4
38.55
37.05
38.95
37.1
39.95
39.2
39.55
39.35
34.7
39.4
38.8
39.75
38.6
34.9
38.4
38.9
37.9
39.7
38.25
37.95
39.45
39.3
38.95
40.75
37.85
36.55
39.85
38.75
40.3
37.25
36.25
39.7
39.2
37.65
35.8
39.7
38.35
37.3
39.0
40.75
40.9
40.5
37.75
36.9
36.75
38.55
39.2
41.0
37.8
39.85
39.95
35.35
40.3
39.15
39.15
42.45
40.1
40.5
40.35
36.4
40.85
39.45
35.65
39.3
37.5
36.6
40.85
40.95
33.95
36.75
39.95
35.4
37.5
39.45
39.4
38.55
38.4
39.75
36.8
37.0
36.35
39.6
36.55
39.45
39.0
38.6
37.8
37.6
36.1
38.75
40.9
39.55
39.55
37.55
39.5
38.15
35.65
37.5
41.8
38.0
40.15
39.7
41.05
37.85
37.3
38.15
40.65
40.9
35.25
34.35
37.55
39.15
42.2
39.3
38.0
37.4
34.75
39.5
38.15
37.35
39.45
37.95
38.05
40.45
41.25
40.55
42.1
41.7
44.0
40.9
43.55
34.45
38.4
40.5
37.6
36.45
39.55
41.65
41.85
42.95
42.0
44.95
41.75
39.1
39.5
38.75
44.8
40.75
38.7
41.2
37.9
40.75
42.4
38.55
39.75
40.95
40.95
40.8
39.85
40.7
42.05
37.1
43.8
38.65
41.75
38.25
41.95
39.75
38.7
41.0
39.5
42.55
43.95
38.7
39.9
41.45
41.65
34.25
42.35
41.55
43.95
41.25
43.8
38.6
37.55
40.15
38.8
41.55
39.95
40.75
38.35
40.1
37.15
39.75
39.3
39.15
45.15
43.95
34.45
39.95
41.85
40.3
42.2
42.05
42.55
33.95
40.1
42.7
41.4
38.2
38.35
41.45
38.45
39.0
43.65
39.25
39.5
43.5
40.3
39.65
43.1
39.75
43.8
42.45
41.9
39.2
36.85
39.1
40.55
38.65
38.25
41.95
43.35
41.85
36.4
42.55
40.2
39.0
42.75
41.55
35.9
34.55
36.0
41.9
38.4
39.75
42.2
40.05
38.75
40.45
43.25
39.65
41.1
40.2
43.2
38.1
40.35
41.1
37.45
38.45
38.1
38.1
40.5
39.8
39.95
36.85
39.35
39.15
37.85
38.6
36.1
43.4
40.85
40.9
40.9
40.75
41.2
39.45
40.3
40.8
38.45
40.5
44.1
42.75
38.35
41.8
38.65
40.8
40.0
31.6
42.95
41.3
40.4
40.55
39.6
35.9
40.5
37.15
41.6
42.2
41.35
40.15
34.35
38.9
41.55
41.0
38.3
42.65
38.85
35.7
41.2
41.0
41.3
42.0
37.5
40.95
40.15
40.8
38.35
38.55
41.85
39.5
37.4
38.9
40.7
38.9
38.55
39.15
39.9
42.7
38.7
41.45
43.75
37.55
40.5
40.0
39.4
40.65
41.5
42.85
38.15
40.6
36.9
34.0
38.8
41.95
39.5
40.75
39.45
40.2
44.1
40.65
38.1
38.9
40.35
38.9
39.65
40.5
42.15
39.1
41.35
40.4
38.6
39.3
41.35
38.85
42.1
39.3
42.3
35.6
40.25
42.3
40.8
38.15
39.8
41.05
42.3
36.8
40.7
36.55
38.55
42.85
42.75
42.2
41.35
41.1
39.85
37.9
41.8
41.25
44.4
43.05
38.2
35.7
39.3
40.25
40.05
39.8
37.15
39.85
35.8
38.85
43.15
38.25
40.05
42.45
36.95
40.75
34.45
44.35
40.9
39.85
40.45
38.35
43.05
40.65
39.05
41.45
37.85
43.5
42.6
38.45
38.2
41.2
43.1
38.8
37.1
42.35
41.05
37.95
43.0
41.35
33.45
41.7
40.25
39.0
40.3
42.75
40.55
41.3
39.15
34.7
41.4
37.0
40.25
41.2
41.6
38.05
39.8
36.85
41.2
41.9
38.1
43.0
40.35
38.25
39.75
38.25
43.05
43.3
40.95
43.05
38.95
43.1
42.9
44.25
41.3
37.9
41.5
40.7
42.15
39.65
40.1
41.55
39.75
42.25
37.95
40.95
42.45
41.3
33.6
38.9
40.4
41.15
41.0
41.15
37.0
39.45
37.0
43.45
39.75
38.2
39.85
39.95
44.3
40.3
33.7
40.45
41.6
39.5
41.75
40.45
38.55
42.8
39.8
43.7
42.65
42.4
42.7
34.35
41.15
43.25
39.85
37.75
44.45
40.8
43.95
40.35
43.65
40.6
42.0
40.6
42.9
41.85
41.7
37.45
42.15
42.5
43.75
44.2
40.15
39.95
40.65
41.6
39.05
43.15
41.0
40.9
41.6
40.05
38.95
41.3
41.85
39.95
36.95
