9.6
21.2
22.9
27.9
24.45
27.2
30.4
26.8
24.1
28.2
26.3
26.65
25.75
26.95
28.5
29.9
25.9
27.6
30.55
29.15
28.9
28.85
32.35
32.55
32.35
30.8
30.65
31.75
32.95
30.8
32.15
33.15
33.85
28.35
33.85
30.65
31.65
32.0
33.6
33.25
33.05
34.2
31.15
31.5
32.15
31.3
35.15
28.05
33.15
35.35
34.65
36.45
36.15
30.6
33.35
33.25
31.85
33.75
31.7
34.1
34.35
35.0
29.9
34.45
35.3
33.55
33.0
36.0
36.75
35.0
37.75
38.05
35.05
34.25
39.1
37.95
39.9
35.75
36.3
37.75
39.8
34.6
39.1
38.35
42.2
37.5
37.0
37.15
38.15
37.35
37.0
37.35
38.85
38.3
35.55
38.5
37.9
37.2
43.35
36.3
40.05
38.65
38.7
36.8
40.85
39.25
38.3
39.25
40.45
38.85
41.3
36.85
37.75
38.6
42.3
40.25
39.0
37.05
40.8
38.75
37.85
40.75
39.95
39.15
38.7
40.05
37.45
38.3
41.15
38.05
40.45
38.15
40.75
39.35
36.3
35.75
36.0
41.3
39.5
40.85
34.8
37.7
38.65
42.65
38.3
40.05
37.95
38.05
40.2
38.05
39.05
39.6
38.55
39.5
37.6
40.35
37.7
41.25
40.3
40.5
39.2
40.35
39.7
39.45
39.9
38.75
41.15
41.5
40.15
39.05
41.6
39.3
40.3
37.55
37.05
42.15
43.45
38.1
36.5
37.0
39.5
43.0
35.1
39.85
37.1
38.5
36.2
39.3
41.85
39.2
41.4
38.95
36.35
39.55
41.9
38.4
38.6
40.4
43.15
42.25
41.95
38.0
42.4
42.1
43.75
39.85
40.8
40.1
43.2
44.5
39.5
38.3
40.65
42.9
41.5
36.65
37.4
39.25
38.6
39.6
39.85
39.85
39.7
39.0
45.05
41.65
41.5
42.35
43.2
41.35
40.6
43.9
42.6
40.75
43.3
40.1
42.85
43.0
38.3
40.3
41.9
43.3
40.4
40.2
40.2
43.1
38.05
39.35
44.55
45.15
41.05
42.1
42.15
39.85
33.45
41.05
42.15
34.65
37.95
40.4
45.45
42.2
41.2
41.3
42.3
43.25
40.65
38.7
41.35
39.1
42.65
40.35
42.0
41.15
41.4
40.55
40.8
37.9
39.55
42.95
39.85
44.25
38.45
41.5
41.65
42.9
38.15
40.4
44.25
41.45
38.95
42.35
42.75
39.55
40.6
38.65
39.65
40.4
41.0
40.5
41.2
40.7
43.6
34.95
38.4
41.25
36.2
39.7
42.9
39.95
41.65
40.7
43.95
41.7
40.2
41.55
37.8
43.15
37.6
41.45
41.95
43.7
43.95
41.3
41.95
43.25
43.4
39.4
37.95
40.6
40.8
40.9
40.05
40.75
39.85
40.5
43.2
37.15
43.75
42.55
37.1
39.5
44.2
39.7
37.8
41.15
42.2
41.2
44.85
38.15
42.4
39.65
43.85
40.1
41.15
40.4
45.6
42.05
40.9
43.8
42.25
40.6
40.35
42.65
40.2
45.25
33.3
38.4
44.1
38.3
44.4
42.75
35.75
39.15
43.85
40.25
37.7
42.65
43.3
39.7
41.7
40.7
43.35
43.3
40.95
38.95
42.45
41.8
44.4
43.9
41.85
42.3
36.75
44.45
43.1
40.7
39.75
42.35
36.25
41.2
40.7
39.4
39.8
39.85
42.65
44.7
43.8
42.35
43.25
41.85
38.5
37.1
41.8
43.65
44.35
41.2
41.75
44.4
41.15
40.75
36.8
41.25
37.3
39.65
41.7
40.7
42.45
44.6
43.15
42.95
38.95
35.0
37.05
39.85
35.75
39.8
42.25
38.0
43.75
46.4
36.8
43.0
39.8
43.35
35.8
38.55
38.8
40.55
40.85
44.75
41.3
44.0
39.9
44.8
38.9
41.65
39.7
41.0
40.15
45.7
39.35
40.25
37.3
38.85
44.4
44.2
40.65
39.3
41.2
38.4
43.45
41.8
38.7
39.0
39.55
42.25
43.0
45.2
42.05
39.4
44.6
41.15
42.75
39.75
37.75
45.15
40.15
41.5
40.9
44.55
44.7
41.4
43.1
38.75
42.0
38.95
38.65
40.8
40.0
44.35
38.05
44.35
43.6
41.7
42.65
40.25
42.2
43.45
42.4
37.85
40.7
39.05
43.55
41.75
39.05
37.35
44.1
43.65
35.75
41.5
37.6
41.45
41.55
39.65
42.45
41.0
43.85
43.05
43.7
47.9
39.4
43.1
41.4
41.55
43.85
39.9
42.9
41.65
43.85
40.0
42.4
38.95
41.8
42.15
41.85
44.3
42.05
43.7
43.95
41.15
38.55
41.8
34.85
42.25
42.4
41.75
42.5
40.15
41.65
42.05
44.3
42.8
40.55
42.55
43.2
41.1
43.8
42.5
40.95
41.45
43.05
40.75
42.1
40.3
41.25
42.5
39.0
42.7
41.15
41.9
37.9
43.65
40.3
44.05
36.85
40.65
41.5
40.6
42.9
42.55
41.9
39.35
46.45
39.25
37.65
42.95
41.05
46.4
39.7
43.4
34.5
45.15
43.55
39.4
42.65
44.35
41.0
40.8
40.95
35.95
44.8
38.25
43.3
42.85
42.9
38.15
37.35
39.3
40.85
39.25
45.05
43.95
38.7
38.65
44.4
38.1
39.45
38.55
45.1
38.4
32.15
43.6
37.5
42.25
39.1
40.95
40.55
41.1
37.15
45.4
38.8
40.9
43.85
41.8
41.15
39.35
39.9
45.65
37.45
45.1
38.0
40.6
36.8
39.55
38.3
40.45
38.05
39.9
41.95
33.9
42.05
43.05
39.25
41.8
42.55
42.65
39.9
43.0
38.6
42.1
42.75
37.7
42.15
42.1
42.85
35.35
42.7
39.25
38.35
37.65
44.0
41.9
37.8
43.1
45.1
42.15
41.65
39.25
43.8
44.85
37.55
44.6
45.45
41.5
41.85
37.95
42.8
44.1
43.05
42.3
44.85
41.15
41.6
42.1
44.05
41.85
41.15
42.75
40.3
40.8
45.8
45.15
46.1
41.45
42.4
41.3
40.85
36.75
41.95
42.85
42.55
41.3
38.9
43.7
38.2
40.75
43.45
42.25
39.5
40.15
45.65
42.25
42.65
44.15
41.5
44.5
42.3
39.45
43.5
44.1
42.5
40.7
44.2
43.35
40.45
43.3
43.85
41.6
40.8
42.2
41.7
40.85
47.05
40.95
44.9
39.75
40.35
42.5
38.85
44.5
38.8
42.5
44.15
46.45
41.3
44.05
41.95
42.9
40.65
39.85
41.05
39.95
41.0
37.7
43.45
42.05
35.6
41.55
40.1
43.05
41.65
41.1
40.35
41.65
36.85
39.85
40.95
46.45
39.35
38.8
37.35
42.4
41.4
40.05
43.7
43.5
41.6
39.5
38.45
38.4
37.65
45.4
37.95
38.8
37.0
43.65
42.6
39.0
38.4
41.5
40.65
45.6
42.3
41.1
44.1
39.75
38.75
40.9
37.9
42.6
42.5
43.35
37.85
43.5
41.2
41.25
40.7
44.2
36.8
41.9
43.5
38.95
40.6
39.2
42.4
41.25
41.25
44.55
43.25
41.25
43.2
39.05
35.5
40.4
43.6
39.35
40.1
39.9
43.1
43.05
35.6
41.5
44.5
41.8
39.1
37.5
44.7
41.1
38.9
36.2
41.9
36.5
38.35
39.45
41.35
38.6
38.1
33.4
44.6
37.5
37.4
39.0
42.25
42.9
41.85
42.1
42.9
43.1
38.35
34.15
39.55
42.4
34.95
40.05
40.45
38.25
42.6
43.0
39.95
40.45
43.7
39.75
42.3
38.85
39.05
43.5
39.85
41.45
36.6
35.65
46.4
36.8
34.7
38.1
39.8
38.7
34.05
40.75
41.15
40.95
41.45
41.3
39.15
35.5
41.35
39.6
44.2
44.1
41.15
40.3
42.05
40.0
43.45
45.05
41.3
42.8
44.2
38.45
41.65
42.1
38.75
34.3
32.85
35.45
36.55
41.35
40.15
41.25
43.1
36.55
41.05
38.6
36.55
42.25
36.65
43.0
42.35
38.95
42.6
39.5
41.65
42.8
38.2
44.8
39.1
41.2
41.8
43.75
39.25
37.25
41.5
40.05
38.85
39.6
42.6
42.45
37.25
41.5
41.8
44.45
35.05
39.9
39.8
37.0
41.15
41.3
41.05
41.65
33.25
37.85
46.85
35.85
42.7
39.35
43.05
40.5
41.4
29.95
43.95
38.2
35.3
40.65
38.75
37.6
39.15
40.0
38.75
36.0
38.9
37.95
43.35
38.85
35.55
45.75
40.45
40.5
39.8
37.55
40.05
40.75
41.15
40.4
41.0
43.5
41.25
34.45
46.3
39.6
42.0
41.85
38.45
42.9
37.8
38.15
38.7
43.75
39.8
41.3
41.75
40.4
39.85
37.9
36.7
41.55
30.55
37.6
35.05
40.35
36.05
35.05
39.75
39.55
40.7
39.85
32.5
36.35
34.65
28.45
38.3
36.7
36.45
43.75
37.5
37.1
40.5
40.2
38.5
39.1
38.1
