4.45
14.55
22.95
24.0
26.6
26.55
27.95
24.75
26.9
24.25
27.55
26.75
26.2
26.45
26.95
24.7
26.65
25.5
28.9
28.9
25.75
23.45
25.9
28.1
33.25
30.7
31.85
30.5
28.55
28.9
33.35
31.5
30.6
31.35
33.9
31.85
33.0
34.3
33.0
31.45
34.05
33.55
30.9
33.4
33.1
30.45
32.4
34.2
30.6
32.25
31.4
28.85
35.25
33.5
35.95
30.45
34.05
32.35
31.05
30.3
32.7
31.0
32.1
31.85
32.45
33.65
31.95
32.15
30.5
30.95
34.15
30.85
33.8
33.8
31.45
33.3
32.35
32.4
31.25
35.15
32.3
30.75
36.3
30.2
30.05
31.55
32.75
33.9
30.7
34.2
33.15
32.85
32.35
33.65
32.05
31.2
32.95
33.05
34.25
35.1
32.95
35.8
36.15
36.95
36.4
35.15
33.0
35.55
34.8
33.7
33.45
35.85
36.5
36.85
35.75
35.25
34.4
35.25
35.9
32.9
35.15
36.95
31.75
35.2
35.3
33.95
37.2
35.7
36.35
35.7
34.75
36.2
36.7
33.55
36.55
35.3
34.65
36.05
37.1
36.4
37.05
37.75
37.1
35.7
37.55
35.2
36.5
36.25
35.35
36.0
32.55
36.55
38.65
38.15
36.6
38.6
37.85
36.5
35.25
34.5
37.15
38.95
36.55
37.1
37.2
36.25
38.4
36.15
38.1
38.0
38.0
37.75
36.3
39.55
37.35
37.1
34.95
37.45
37.75
35.75
37.8
35.95
37.2
38.15
37.45
37.45
38.55
38.05
34.8
34.75
36.4
36.75
38.1
36.35
38.05
35.75
36.9
33.4
37.3
38.25
39.9
37.25
39.25
34.45
39.55
36.75
38.0
34.35
36.2
36.95
38.65
36.5
36.1
35.6
39.7
38.55
37.15
38.1
37.65
39.85
34.85
37.0
38.4
38.3
37.4
37.65
38.05
38.4
37.15
36.25
38.65
38.8
36.8
38.35
40.05
38.85
37.8
34.0
39.1
40.25
36.35
38.95
37.25
37.8
40.7
36.85
33.8
37.95
39.4
33.85
40.35
38.7
37.9
38.35
38.9
41.3
38.4
37.6
35.35
37.5
41.25
38.2
38.45
39.75
35.55
38.05
35.25
38.95
37.55
34.0
35.55
38.3
37.85
38.95
39.35
39.55
40.6
36.8
38.35
36.7
37.1
39.25
36.85
38.55
36.4
39.6
33.4
36.5
36.9
37.35
37.4
38.6
39.75
37.1
43.0
36.95
40.65
38.75
38.7
38.05
37.95
40.25
41.35
38.25
35.2
42.4
39.2
42.1
40.8
40.05
38.45
41.75
40.1
38.1
39.45
38.4
40.0
38.65
39.45
40.3
39.45
41.15
40.1
40.35
38.4
39.8
36.35
40.9
37.2
39.0
39.75
37.7
38.95
40.45
37.85
39.9
40.35
36.35
35.5
39.35
39.55
41.7
37.2
42.3
37.5
39.0
38.05
36.95
40.35
36.75
39.55
42.05
38.45
40.6
38.45
38.3
39.5
42.15
40.55
41.3
36.95
39.95
37.55
42.05
41.1
41.65
41.65
38.7
40.2
39.6
43.95
39.75
40.3
39.45
39.85
38.7
39.75
42.5
39.65
42.8
42.2
39.2
41.35
40.4
39.7
42.7
43.65
40.9
39.7
35.8
39.15
41.75
42.3
42.3
41.5
39.05
42.45
43.25
41.2
41.65
41.4
39.4
41.6
38.35
38.15
37.35
39.0
40.6
43.35
41.5
37.5
40.65
42.6
40.45
39.9
41.5
38.4
43.0
40.85
39.25
41.8
40.65
41.4
43.7
42.65
42.1
43.1
42.35
42.5
37.15
44.6
41.15
45.05
38.65
40.85
42.4
40.2
42.1
39.95
43.2
42.0
40.15
40.95
41.15
41.55
40.95
42.55
40.8
40.75
41.2
35.85
39.25
41.45
38.7
38.15
42.25
40.05
38.95
39.9
41.45
40.85
39.15
43.5
41.05
42.45
41.3
42.75
43.3
39.35
39.8
39.25
38.55
37.9
38.25
40.75
40.6
38.55
44.9
42.15
36.6
38.35
40.5
40.15
39.55
39.3
41.25
39.7
37.75
40.2
41.35
40.35
38.4
43.25
38.55
41.2
38.7
40.3
42.8
41.65
42.7
45.2
39.45
41.8
42.7
38.35
42.55
41.9
41.35
41.0
43.25
41.15
39.35
42.6
39.25
41.8
39.45
41.85
40.7
42.95
41.5
42.1
38.25
42.1
38.35
42.2
42.4
41.75
36.85
40.45
40.1
43.15
40.65
40.2
40.25
42.5
39.1
39.6
38.25
40.55
39.15
41.25
44.55
40.85
37.3
43.2
39.4
40.45
36.7
39.0
40.4
43.3
43.25
46.15
42.2
43.4
37.3
41.0
36.6
41.8
43.65
40.25
40.95
40.4
40.65
40.1
38.8
39.1
42.25
41.45
41.0
42.5
42.9
39.4
40.4
38.75
38.7
41.9
43.4
39.05
38.4
43.2
40.8
39.05
37.1
41.1
41.6
38.45
44.0
42.7
38.55
41.35
40.4
41.45
40.65
42.5
38.0
41.2
42.65
43.55
41.15
39.5
39.45
40.55
42.2
41.85
38.55
41.05
38.7
38.85
43.65
39.5
39.55
43.6
39.45
41.05
43.15
41.5
43.95
42.65
39.3
39.35
40.6
42.55
40.65
39.35
35.2
40.4
40.9
41.45
39.55
40.45
40.7
37.75
42.6
40.3
39.6
37.7
36.65
40.85
38.2
41.55
41.3
37.65
36.75
37.15
39.7
39.65
39.85
41.0
40.85
40.3
41.45
43.3
39.0
39.85
41.25
39.75
40.65
42.65
40.95
38.0
40.3
44.9
43.65
43.65
43.65
41.45
41.85
38.6
37.6
36.55
41.7
38.6
40.45
42.0
34.55
38.05
41.5
38.3
37.5
35.85
41.5
40.55
40.55
39.5
39.6
44.75
36.7
40.05
42.75
38.75
41.1
37.3
39.35
44.3
38.35
38.65
43.5
39.35
41.5
39.0
39.45
37.15
39.9
37.7
41.5
37.25
38.8
41.65
39.9
40.2
39.25
39.35
39.95
41.2
39.4
38.8
35.15
39.9
42.2
42.3
40.2
38.75
36.8
38.65
42.7
38.4
40.35
42.5
39.75
37.85
39.95
39.65
37.15
40.1
38.9
40.55
38.6
40.45
41.4
43.25
41.45
41.4
37.5
37.9
41.05
45.95
39.1
40.45
42.15
39.8
39.6
35.05
41.4
41.75
44.35
39.75
34.5
42.15
40.8
42.2
41.4
39.2
42.15
36.3
41.65
40.3
42.1
39.15
41.75
43.6
38.8
40.2
42.0
38.9
38.95
37.4
41.7
36.2
41.7
40.8
39.3
42.45
42.5
44.1
39.2
41.55
41.8
40.25
39.25
40.35
41.8
40.4
39.95
42.55
37.4
44.85
42.8
42.1
41.65
41.4
38.25
38.1
40.9
40.65
40.5
41.15
35.4
40.55
42.05
38.6
40.7
40.95
38.05
41.7
40.1
42.25
39.45
41.95
43.9
40.35
41.75
42.75
42.95
36.1
39.85
39.65
39.7
37.15
38.7
42.45
43.25
40.25
40.8
41.0
41.25
37.0
38.15
40.8
38.2
38.85
39.45
46.3
39.55
40.85
37.85
41.9
39.1
42.95
42.7
41.05
37.7
37.55
40.05
43.3
37.8
39.85
42.7
40.3
42.35
38.75
37.35
43.5
39.3
41.75
42.4
43.05
41.75
38.1
38.75
44.75
40.6
40.85
42.4
42.2
39.4
39.65
39.25
41.8
39.5
40.6
40.95
40.95
37.9
43.05
43.0
38.95
41.4
44.05
41.95
37.8
39.3
42.7
38.65
43.55
36.95
44.05
41.45
41.6
39.35
44.0
41.95
41.55
40.7
42.7
39.1
38.35
40.75
43.25
37.85
40.0
42.3
39.75
42.45
41.35
40.35
41.2
40.75
37.3
41.55
41.55
40.05
44.2
40.0
41.1
40.15
45.4
37.65
45.55
41.8
39.5
45.85
40.75
41.45
40.95
35.95
39.3
42.95
41.55
42.7
41.7
42.2
39.0
39.45
40.9
41.25
41.95
38.75
37.2
41.2
37.55
43.3
38.45
40.4
41.25
37.2
38.2
39.7
43.7
41.1
37.7
35.9
39.55
43.95
42.7
42.85
41.3
38.85
40.45
38.75
37.75
45.05
42.1
40.6
39.7
42.95
41.4
41.45
42.45
40.5
41.45
42.9
39.1
44.0
39.3
38.4
37.6
41.3
39.25
38.15
40.45
44.4
42.65
34.8
41.05
38.3
42.8
37.8
38.7
