0.5373924808084353
0.44921693819026853
0.4170810660418624
0.40687284931935846
0.4552041983089907
0.5178944141341961
0.5383615968231237
0.5798721929281379
0.730850476876018
0.77571080050243
0.7662889669504332
0.7916095580972268
0.828658475398554
0.8150903449345337
0.8072997652329719
0.8355256803010702
0.8214127227670212
0.8355256803010702
0.807299765232972
0.8070792361258216
0.7931868076989228
0.8072997652329719
0.8430028210107572
0.8103840739668469
0.8288898634767081
0.8174405527338715
0.7997745230692954
0.8138874806033446
0.8189608293954709
0.8227199721182451
0.8236670315634635
0.8127600856243239
0.8178525096697455
0.8258298841798906
0.8192775750006943
0.8430486061337981
0.8207799280367386
0.8754057392532986
0.8563888717167385
0.8620748388509579
0.8631786702495325
0.8727482266711002
0.8621521710412792
0.9044499495474165
0.8627818810658608
0.8728247986010498
0.8621521710412792
0.9031932321570059
0.877001426353981
0.8409455590637929
0.8273583363871255
0.8395728391676263
0.8941700537205911
0.8752841770217483
0.8596625118887797
0.8703981711541919
0.8901383090478724
0.8640878252672856
0.8801065168742017
0.890889947301463
0.8801065168742017
0.898335744159248
0.8801065168742017
0.8779539571287591
0.8928455508443287
0.8853997539865439
0.8958069351864927
0.9144487017219112
0.8545985033841539
0.9015474374238694
0.8853997539865439
0.8853997539865439
0.8574873602084427
0.8649331570662273
0.8636854243433243
0.8630623634131895
0.8705081602709743
0.8853997539865439
0.8928455508443287
0.8853997539865439
0.8705081602709743
0.8853997539865441
0.877898982679041
0.8705081602709743
0.8779539571287591
0.8830618371462913
0.8858190220223353
0.8830618371462913
0.8928455508443287
0.8854410328211018
0.885746444193334
0.8770627128539552
0.8841618195049499
0.8772746419377162
0.8704047520474075
0.8992500629424789
0.8716894715881898
0.877622287087107
0.8887647270232485
0.8887647270232483
0.8729414299171069
0.8498673908587208
0.877622287087107
0.8851896770030525
0.8843249527908454
0.8678239645756953
0.8900077080439545
0.8766630509221512
0.8921146842025707
0.8731000602413218
0.877622287087107
0.8790202834180609
0.8789084998851457
0.8622395943815164
0.8703567292379943
0.8622395943815164
0.8953335983332265
0.8754455213175202
0.8819028719807379
0.8899143867736079
0.8538222947489501
0.8488886457702904
0.8755785283172333
0.8578141197161042
0.8816103316152584
0.8863331324197065
0.8800737910606886
0.8882244703899576
0.8870789027100938
0.9200701859355356
0.879384673163815
0.8712475706094708
0.9119330833811914
0.9118157692323414
0.8714081250844445
0.8794559200790045
0.912010350511246
0.8820352214060115
0.8874964179622811
0.8950591751416839
0.8884849359678851
0.8720501763842231
0.8808367298933935
0.8792266926066885
0.871294949795281
0.8995851082195733
0.9005791490172262
0.9110456255814023
0.9121697886045217
0.8771489813677965
0.8629717345849702
0.8983625516194553
0.9056234670576355
0.8876424015616889
0.8956588782725031
0.8712475706094709
0.8884927716241615
0.9037959808268473
0.8875217757181592
0.8712475706094709
0.8871533053053671
0.9119330833811915
0.879384673163815
0.879384673163815
0.8712475706094708
0.8793846731638151
0.8712475706094709
0.8745115290719847
0.8631104680551266
0.8957818451315733
0.8707262848089957
0.8808175345885487
0.914784995053321
0.8735270732743816
0.895128698474376
0.9011070548920938
0.9010893659665105
0.8940116152165475
0.8948911474636226
0.8851177277301374
0.8957115921829273
0.8802045833338648
0.8850607160725839
0.8854818177920107
0.8925292082012433
0.8819109567931525
0.8907819843705486
0.8910055842081025
0.8799645487753265
0.8911748060966141
0.8742230675231546
0.9021796844202378
0.8910477733347528
0.8910477733347528
0.8910053271488181
0.8949500798721257
0.8909772122456177
0.8907125312607882
0.8755290008282923
0.890888033679528
0.8934137282052668
0.8878477589227597
0.9025709358233337
0.8858820421683484
0.896115790024222
0.8785518785765364
0.8890261450780151
0.9001580836430293
0.8797982191638452
0.9027197683574084
0.9073212880217485
0.8961893494567346
0.8961893494567346
0.8926944992118793
0.9211550876654485
0.9183441857213122
0.9229976330160131
0.9295884648248892
0.9278826029821493
0.9313132504392337
0.9310046166086579
0.930622321508497
0.9303645485338778
0.9295325398960518
0.9320411571884917
0.9303581733755648
0.9294070589784162
0.9303884249915351
0.9306133273512582
0.9294664420507749
0.9309956224514192
0.9314433424219558
0.9301110907164627
0.9307599767653754
0.9311465092487616
0.9307502184187934
0.9296841190060137
0.9304963396197168
0.9288016946612629
0.9306345142673835
0.9309150579600335
0.9292683166755621
0.93035816497205
0.9272046596975594
0.9290102000211549
0.927685032479347
0.9224223917134514
0.9309108635627175
0.9307726889150505
0.9306345142673838
0.9309108635627175
0.9302199903243832
0.93035816497205
0.9309108635627176
0.930496339619717
0.9306345142673835
0.9307726889150508
0.9307726889150507
0.9306345142673838
0.9262046541416009
0.9309108635627176
0.9301900886912084
0.9304963396197168
0.930496339619717
0.930496339619717
0.9314623285995219
0.9309096300088543
0.9352597714219122
0.9302080679066027
0.9257770025903038
0.9281848038252594
0.9292080456269345
0.9302665430926181
0.9334637805512742
0.9314692697054563
0.9336090299063968
0.9249541587240728
0.9319593831366362
0.9356117105011259
0.9337148294227706
0.9336968551949454
0.9274776363779195
0.9334839346409367
0.9312976279989401
0.9272199552399609
0.929127137401119
0.9299645599407296
0.9314015732855465
0.9310466773495767
0.9295637542012951
0.9305400549767704
0.9304720142825473
0.9294747588596384
0.9324665251283651
0.9317462053772585
0.929716144345714
0.9283337576621383
0.9312431601203178
0.9316678695147615
0.9314407591468037
0.9369441847949262
0.9330280647814844
0.9298445067820523
0.9322481739841013
0.9332106221509093
0.9306422072802641
0.9337038117810584
0.9272973524365922
0.9312996278155878
0.9273576708252597
0.9271728057605625
0.9313652177379576
0.9299420763857954
0.932449963007231
0.932949250805172
0.9315128218511392
0.9276831146021876
0.9291125286223616
0.9303500616508673
0.9308617366393752
0.9315650626235911
0.931347143267697
0.9319078213132652
0.9304100240365558
0.9299851472274456
0.9308355527375184
0.9304313523272272
0.9315899892067643
0.9312885503654484
0.9306261408135331
0.9309210094887475
0.9316608358523834
0.9311640581786799
0.9311545045860792
0.9312884664774002
0.9427858671154163
0.9370799805616021
0.9310314101136585
0.9308744037504356
0.9318618798080804
0.9306275347360244
0.9306275347360244
0.9298612867834197
0.9321963293065736
0.9319142969137714
0.9281210820762169
0.9313618127191214
0.9326815219469957
0.9321872885427818
0.9302459781978974
0.9313007980174002
0.9312472590603204
0.930658629150091
0.9306348761941748
0.9336799145120688
0.9331202297053064
0.9331078314016652
0.9332641537076224
0.93300260177691
0.9315660315446908
0.9317939005074694
0.9306275347360244
0.9301337967072021
0.9301337967072021
0.9303806657216134
0.9302190656700902
0.9311212727648469
0.9302598236292893
0.9324230399538955
0.9322023782705093
0.9328125212264385
0.9322210344471131
0.9355478288858817
0.9278300477062753
0.9342371166406735
0.9301191263710683
0.9294916175678113
0.9280700053216325
0.9257869219900436
0.9299274240717127
0.9289448208217725
0.9303386058514473
0.9286282312339275
0.9316775095468512
0.9308744037504356
0.9310840022683353
0.9303157734881315
0.9315209800363741
0.9297965956313335
0.9302334509707888
0.9298664448567218
0.9307383245918917
0.9306482527405235
0.9304521964946744
0.9292427250358788
0.9297641544620733
0.9300508655595457
0.9323043996825152
0.9280860263123563
0.9232520882224214
0.9302683486360628
0.9322252778865977
0.9317322864719486
0.928671671235729
0.926320066925799
0.9285657999874894
0.9406929811899853
0.9325121345464871
0.9334676188503617
0.9313432113632472
0.9287648578440579
0.9304665107201954
0.930523393409562
0.9297034421168616
0.9258955801461219
0.930637158788296
0.9291335678773006
0.9296016781385745
0.9293172646917398
0.927562383196657
0.9277330312647573
0.9306940414776628
0.9299777284711691
0.9299208457818022
0.9307509241670298
0.9304917400971267
0.9304917400971267
0.9305486227864934
0.9307775032486154
0.9307791946588985
0.9307240033798152
0.9306671206904482
0.9304917400971264
0.9317356507114999
0.929166823423525
0.9283929841845605
0.9269585477671072
0.9306371587882959
0.930637158788296
0.930637158788296
0.9305233934095621
0.9305802760989291
0.9311240145398816
0.9309531427265479
0.9316818734433117
0.9294736020996531
0.9303561086717845
0.927735723969899
0.9293122499719821
0.9281110077113432
0.9315539876021006
0.9296372034254698
0.9310362749153128
0.9303794344259471
0.9315748353931861
0.9449213641745613
0.9371827013879297
0.9464165267130529
0.9450333339908094
0.9471057173002266
0.9484285508886856
0.9551912963145279
0.9563824938465304
0.9528796335870575
0.9513281671544922
0.9554269248410471
0.9504662632667153
0.9504662632667153
0.9504662632667153
0.953553708503678
0.953553708503678
0.9536898116924585
0.9534817337046008
0.9566411537406407
0.950347143676886
0.9537420372270524
0.9567759052318818
0.9432560175801861
0.9466820311909989
0.9601156595841935
0.9592980434736719
0.9548753332941591
0.9585311240382108
0.9544793440355279
0.9431069191028815
0.9444568144926254
0.9445004823053444
0.9487344042877112
0.9558424028071334
0.9519125532070344
0.9499673689614537
0.9531606004004777
0.9603787334505638
0.956835355934758
0.9673267194285309
0.9490122409008788
0.9450706553969559
0.9598937431050212
0.9451314585684628
0.9483225611455183
0.9562031719708814
0.9560802051557433
0.9515469983061486
0.9652579903352304
0.9505854531675988
0.9455422270122197
0.9591236955157727
0.9408623373943759
0.9601661803212107
0.9497187895416441
0.9573405514689928
0.9515524489337699
0.9584584154025455
0.9497692786477495
0.9580778494235884
0.9566087237486514
0.9545543229576741
0.948954003445872
0.9434853558781031
0.9518227539676118
0.9593078121665732
0.9489469925994547
0.9553819879322816
0.9468767498724704
0.9503605653373997
0.9493363091324702
0.9554222738259117
0.9493473464280505
0.9494290217880434
0.9638744227806024
0.9464177714700843
0.9493997731899937
0.9427555674650593
0.9497497764809395
0.953668569989671
0.9434357697501751
0.9439970649561407
0.9553637766298122
0.9490660108062523
0.9553637766298122
0.9433880927145761
0.949206819202408
0.952334097874304
0.9464177714700843
0.9553637766298122
0.9429851590669234
0.9520198919527267
0.9519311642266512
0.9553637766298122
0.9535276073651635
0.9445816022054357
0.9623241945213936
0.9515323043918759
0.9490746944792001
0.9556454128692351
0.9628042895508007
0.9586886398468376
0.9510499840970305
0.9443523144072131
0.9511258062728029
0.9517403209064186
0.9475880453282969
0.9531434733296844
0.9477180203966311
0.9473910378740525
0.9512738471945938
0.9572378506344125
0.9474717567756367
0.9518693169384825
0.9498268723413645
0.9533742295462801
0.9539857653253574
0.9537399428172396
0.9526138862644145
0.9469413943035129
0.9505252077484121
0.9594874784364679
0.9804402272546854
0.9708284050958588
0.9837805365587757
0.9859934709289965
0.9814900782235204
0.9852864809572232
0.982805740916359
0.9838063411046234
0.9852896339871806
0.9846686607194751
0.9834267141840642
0.985910607254886
0.9831376391074981
0.9837397979463104
0.9850005589106143
0.9840476874517698
0.9834267141840642
0.9844856718894943
0.978401731819894
0.9793063040353551
0.9783479564477003
0.9819575427453066
0.9807364221887065
0.9770730605189065
0.9795153016321064
0.9795080339167429
0.9782436952038139
0.9782118258107573
0.9794705955462257
0.9791205815243165
0.9771031934957793
0.9814732188174988
0.9845634868382774
0.9800172478423601
0.9768263027627458
0.976828561480841
0.9782964397936016
0.9770738313074497
0.9758527107508497
0.9781270906002109
0.9782967983641058
0.9795138137025547
0.9771404542077807
0.9795179189207058
0.9807349342591547
0.9819560548157547
0.9799732795203479
0.9774870396583355
0.978981036198974
0.9782775594358555
0.979411293371894
0.9795000796981819
0.9782173129390637
0.9794814742542552
0.9787344105020512
0.9789838828416226
0.9788023827491779
0.9796734184315696
0.9788755709803233
0.9796652708854063
0.9801116611843497
0.9787220838551554
0.9794888934659092
0.9790200450335143
0.9796307826291463
0.978276369745832
0.9793820277613781
0.979548365867211
0.9797232377813951
0.9821559101509537
0.9830832650112991
0.9831047558849539
0.9834373764405344
0.9822587480614894
0.9829371888762777
0.9835459263270996
0.983332658159308
0.9839075564842185
0.983135849693882
0.983136179959571
0.9818628199595001
0.9802832706662606
0.9802728658413125
0.9794566111891904
0.9810122457440904
0.9817788914262027
0.9822164874400234
0.9819553844847191
0.980890597790483
0.9804497617449595
0.9791237989773626
0.9824493467031041
0.9824101728445926
0.9808455063952219
0.9805946956371778
0.9805928236089686
0.9833935489997015
0.980643437124396
0.9802148851081547
0.978856093737021
0.9718735717071073
0.9741085866422656
0.970130261570841
0.9708170824496605
0.9708563425279042
0.970395349233699
0.9708956026061479
0.968521454103611
0.9701498916099629
0.9703204174401288
0.9695718381495629
0.9717255845392065
0.9716096137456317
0.9709546618765591
0.9695586044929574
0.9703166815598097
0.9699083703860317
0.9694228143486503
0.9700889183757415
0.9700889183757415
0.9697629375617023
0.9691187136256394
0.9710510365308405
0.9690451799205837
0.9711522595275162
0.9715069723803579
0.9699354716577064
0.9694767751533078
0.970780738769399
0.9703399656187557
0.9703399656187557
0.9692479772178315
0.9659132829913396
0.9670547241372767
0.9633380948378043
0.9697214562104938
0.9700186149756409
0.970450210208365
0.9702078640128994
0.9699083703860317
0.9703399656187555
0.9694767751533077
0.9703399656187555
0.9703399656187557
0.9699906691748982
0.9712031560842036
0.971735428976603
0.9699083703860316
0.9707715608514794
0.9703399656187557
0.9699671364039071
0.9699516519149926
0.9703399656187555
0.9703399656187557
0.9690451799205837
0.9716347513169277
0.9703399656187557
0.9707715608514796
0.9712031560842036
0.9714039677619752
0.97143955780257
0.9705876299182059
0.9697118921154315
0.9699692500092922
0.9716347513169274
0.9694767751533077
0.9712031560842037
0.9707715608514796
0.9690451799205837
0.9692936283808168
0.9685955942412701
0.970753704555781
0.9703065491245344
0.9702346553009555
0.9696578350864431
0.9701026944205132
0.9699989918408669
0.9656273963060977
0.9687217191362343
0.9666796106486455
0.9704014661083846
0.9713019181917082
0.9704617077441691
0.9695985172787213
0.9707715608514796
0.9699083703860317
0.9706429140079132
0.973886464395115
0.9789004772474993
0.9722115452208083
0.9783066903651656
0.9743983322416838
0.9708708712126478
0.9730202707321537
0.9713024664453715
0.9694767751533077
0.9704658362026815
0.9702263155152921
0.9704658362026815
0.9707715608514794
0.9707482459129567
0.9698850554475087
0.9699350060572867
0.9707715608514796
0.9707715608514796
0.9707715608514796
0.9703399656187557
0.9694767751533077
0.9707715608514796
0.9699083703860317
0.9716347513169277
0.9712031560842036
0.9707715608514796
0.9699083703860316
0.9716347513169274
0.9707715608514796
0.9707715608514796
0.9707715608514796
0.9694767751533077
0.9703478396638419
0.9698356580063798
0.9694129580766166
0.9708354874665804
0.9689978204421734
0.9690046732293851
0.9700004988312685
0.9700004988312685
0.9711135705687193
0.9723402166874301
0.9713707355294499
0.9728072421509981
0.975316664018008
0.9766931975675742
0.9781657933208713
0.975791321781861
0.9773025486805194
0.9736906966117118
0.9744678127614168
0.9761229615905996
0.9745019841047331
0.9783021744856975
0.975164824959401
0.9739975450724148
0.9746965040475175
0.9734658911465754
0.977157729849402
0.9734658911465754
0.9746965040475176
0.9759271169484597
0.9732866046909422
0.9722352782456332
0.9715461694902562
0.9740073952921404
0.9790365290333904
0.9792525911277394
0.9738980153352731
0.9848561596655326
0.9808627438172479
0.9828029980784093
0.9828029980784093
0.9825602913585824
0.9836637714175351
0.9810629328271914
0.9810188472705604
0.9814295892547971
0.9832308402604962
0.9844268753793527
0.9815200269881303
0.9828338471333187
0.9846222164128602
0.9846827082016538
0.9855834824549856
0.9852457904408756
0.9867959897025205
0.9882154220284092
0.9873448372500235
0.9890912207608684
0.987039478691765
0.9861894858448697
0.9874296938288086
0.9905088163974275
0.988824381081533
0.9856193460840309
0.9847413823547149
0.98570386932762
0.9828164084089046
0.9870555638234026
0.9879021301951079
0.985013160021548
0.9888631079131682
0.9842572282318759
0.9879006209402632
0.9860847733020741
0.9843324999996546
0.9831006401125366
0.9793379870353467
0.9885694637214242
0.9863063987125766
0.9848196071208525
0.9840016555484423
0.9875632115017551
0.9875776991782352
0.9866431094214588
0.9825811771254408
0.9818799144273462
0.9842676704385831
0.9851583770230958
0.98612475434795
0.989327546203358
0.9864216565427876
0.9878658898299489
0.9866883680532575
0.98219819063908
0.987893002196618
0.9890594233809145
0.9880122167440512
0.9849082180322458
0.987968209933823
0.9836277762665124
0.9884062527678431
0.9879682099338231
0.9857973518261399
0.988563469919613
0.982020794376225
0.9852964412736485
0.9820628220519321
0.9864216565427876
0.9861625003308356
0.9879452964730355
0.9852985630244172
0.983845618194132
0.9833791014768591
0.9862849911374294
0.984793004980206
0.9864456463994165
0.9812246470908519
0.9831119744728134
0.9832819733152102
0.9879770676712012
0.9833610846796328
0.981893100065124
0.9834324727007442
0.9849386321440553
0.9820668186554308
0.9834242043622418
0.9819402023051694
0.9849305368836999
0.9849768069728577
0.9806433547101128
0.9866411139850072
0.9821194345849766
0.9864938205025415
0.9848793646364596
0.9878705583888688
0.9836776298594267
0.9862768268902169
0.9860273782581901
0.9827345577250177
0.9813108104062639
0.9861719238106488
0.9861719238106488
0.9837015219719131
0.9866709453916706
0.9851924098953557
0.9845515526758538
0.982931181541059
0.9844054537809394
0.9827850826461443
0.982931181541059
0.9813108104062641
0.9828068051708015
0.9845515526758538
0.9836983791244182
0.9858518267655887
0.9842314556307938
0.9825088850519075
0.9825264871212939
0.9845958592109832
0.9835087861161946
0.9852841176425328
0.9829999645297441
0.9862022912298306
0.9862022912298306
0.9825423475061392
0.9822196123858842
0.9842985474031863
0.9824247975667515
0.9755932966337564
0.9823948035765422
0.9782187407791628
0.9777472937810832
0.9790794859778185
0.9733261276528278
0.9824031063153736
0.977860465614685
0.9846619725574708
0.9792114588740175
0.9832024732053934
0.9780012088674697
0.9753948990835557
0.9796425719318886
0.9777512344640767
0.977130012573148
0.9796215864214505
0.9827256412246597
0.9827518656829264
0.972512840013447
0.9739272060504623
0.9711155109631762
0.9778924313370766
0.9780360386655443
0.9805882554778019
0.9756969236071917
0.9754025554433994
0.9756969236071917
0.9830258287689485
0.9756969236071917
0.9756969236071917
0.9784102155039409
0.9756969236071917
0.9827795123726941
0.9805828603816963
