5.4
21.95
35.15
33.1
31.6
30.3
34.6
31.7
32.0
34.2
32.5
28.5
23.55
32.5
36.2
29.0
33.95
33.05
38.85
34.25
37.6
35.15
35.05
37.7
38.9
39.15
32.8
35.85
39.05
33.7
39.3
36.85
38.25
37.85
36.9
37.25
36.5
36.9
35.25
39.1
39.1
35.2
38.25
44.05
36.85
40.6
41.85
40.2
42.55
42.8
40.75
39.75
39.35
37.5
38.5
40.6
38.1
41.55
41.85
39.35
39.85
38.25
38.5
38.65
39.3
37.3
35.0
40.5
36.8
44.2
39.95
41.4
40.3
41.1
44.05
39.85
41.75
42.55
42.8
38.95
41.8
42.05
40.7
41.1
40.25
40.55
40.05
40.85
45.4
38.6
43.65
41.3
45.05
40.6
40.7
34.15
42.25
39.7
43.25
41.75
40.5
40.9
43.9
43.2
37.6
44.55
37.05
40.45
43.85
41.0
41.7
40.0
42.0
41.05
40.95
41.8
40.0
42.6
38.75
39.05
39.5
42.6
38.6
44.5
42.75
42.9
39.55
45.05
43.35
41.05
39.2
45.25
43.9
46.3
43.6
41.45
42.7
42.8
42.9
39.55
38.5
42.35
44.55
43.5
42.2
39.6
43.4
40.1
40.6
39.55
43.35
38.75
40.7
42.95
41.05
38.3
45.35
44.9
39.65
41.1
44.25
45.85
39.65
41.5
44.45
45.15
42.2
42.35
36.35
43.4
42.4
44.75
43.55
43.5
39.95
42.6
43.75
44.2
43.05
34.65
40.1
44.95
34.25
42.9
42.15
37.85
39.75
42.85
43.35
42.1
40.6
38.15
40.05
44.6
43.8
43.6
42.65
43.75
42.4
43.3
41.0
39.45
42.0
44.45
42.4
45.0
42.3
43.2
41.0
43.2
41.2
43.9
41.25
41.55
44.7
41.35
39.85
42.5
38.1
42.4
41.7
38.2
40.4
45.85
43.0
41.25
39.25
45.5
42.85
38.95
44.95
43.55
42.15
42.85
40.8
43.75
44.7
45.65
43.4
34.8
44.85
40.35
44.2
45.5
37.1
41.8
42.25
39.7
44.55
44.35
45.9
46.85
39.2
40.15
45.4
42.1
41.3
40.8
37.9
43.7
44.15
45.4
39.75
45.1
38.4
39.85
40.8
43.55
43.55
42.95
42.9
41.75
41.3
40.0
42.05
42.95
43.55
43.5
43.4
46.4
39.05
45.9
44.15
42.25
43.8
39.65
45.15
36.05
41.25
42.9
39.4
43.65
39.35
41.7
46.3
44.0
45.95
46.15
43.0
41.85
47.5
44.15
43.7
41.25
44.0
44.1
42.5
39.3
43.45
40.45
39.6
41.65
41.65
40.5
43.75
43.95
40.8
39.45
37.95
43.75
40.0
45.3
38.25
45.15
39.55
40.95
41.0
45.9
42.45
43.25
42.8
45.25
43.3
42.2
43.8
44.1
41.85
40.45
46.05
40.0
40.8
41.15
43.55
42.2
44.15
43.3
42.55
46.8
41.05
41.1
44.4
44.4
40.8
44.2
39.8
42.65
40.75
43.45
39.85
40.8
40.1
44.3
40.0
40.6
38.7
44.35
43.4
36.85
36.45
41.95
39.85
43.65
42.9
44.85
41.25
42.4
41.9
42.6
38.15
42.25
41.55
41.7
37.65
40.25
41.3
42.95
41.3
42.65
41.1
38.35
37.4
40.5
41.15
43.25
44.25
41.25
43.75
44.1
47.5
42.1
36.1
39.0
39.9
36.65
44.0
43.0
38.55
44.15
39.3
38.75
39.75
46.95
43.75
43.5
43.55
39.65
42.95
42.6
41.25
39.4
42.5
40.75
42.15
41.75
44.25
40.7
43.8
40.35
44.2
41.45
39.8
42.9
44.8
41.9
38.05
41.2
45.45
44.15
42.25
43.05
43.35
45.45
42.3
43.45
35.05
42.0
40.7
40.2
41.6
40.6
42.95
45.05
42.35
39.65
45.1
40.2
40.2
42.0
41.0
43.1
43.5
42.6
43.7
36.85
43.3
38.1
42.35
42.55
43.3
41.8
40.35
37.25
42.4
44.15
43.55
44.35
42.1
46.3
41.85
48.25
43.25
44.95
44.85
43.65
42.45
37.3
43.7
42.45
40.55
47.05
41.35
43.3
44.65
45.4
44.45
46.1
40.0
40.6
38.75
41.85
43.45
43.0
41.6
43.9
43.8
43.35
46.3
42.25
39.0
42.95
44.75
45.15
37.7
43.5
42.05
46.7
44.05
40.65
42.2
41.8
39.8
39.05
38.05
39.4
42.05
40.95
45.25
41.55
41.8
37.35
40.6
43.25
38.35
40.35
39.4
38.65
44.05
39.35
40.2
44.45
39.9
42.65
44.2
41.25
42.25
37.55
45.5
41.65
41.8
39.35
43.35
42.35
44.85
42.3
42.0
46.1
43.5
42.3
42.75
40.6
43.45
42.1
44.2
43.55
43.4
40.55
45.65
42.35
42.15
43.0
37.85
42.2
43.0
41.45
40.15
44.3
40.4
34.9
39.4
42.0
39.8
44.8
45.4
41.0
38.8
43.3
41.1
40.85
46.8
45.1
40.25
42.8
40.65
43.0
44.75
38.05
42.6
45.05
43.25
40.8
34.2
42.05
47.5
42.9
40.4
41.25
44.9
41.75
39.5
38.4
41.7
39.1
44.1
45.5
43.3
45.2
40.85
43.65
42.35
44.0
39.55
41.6
39.1
44.7
44.8
41.95
40.85
45.2
42.85
39.0
45.9
44.55
43.05
45.45
41.15
41.75
43.8
43.55
41.5
43.5
41.25
42.65
45.25
41.7
41.7
42.6
45.65
40.2
44.5
42.6
40.7
40.4
41.05
40.7
40.2
45.5
39.55
38.6
39.6
40.8
43.05
42.9
43.3
38.25
39.2
44.7
42.75
42.5
43.1
37.25
42.4
46.55
43.45
43.65
43.75
40.3
38.5
41.55
40.8
46.0
43.55
38.3
38.8
44.55
38.15
40.95
41.1
44.0
43.1
38.0
39.85
40.7
43.85
42.9
40.55
38.15
41.65
39.65
39.8
39.3
44.55
39.95
40.65
42.0
40.55
43.25
38.05
38.6
45.3
44.6
39.85
44.2
39.4
38.8
34.7
36.6
40.6
37.85
42.4
34.85
42.3
37.15
42.4
39.45
39.15
42.8
43.4
42.95
43.55
43.95
41.4
41.3
40.0
41.3
37.35
41.65
40.5
40.1
43.45
41.2
42.1
43.85
42.4
36.45
39.8
45.5
44.7
42.75
44.95
40.5
43.15
45.7
40.05
39.8
37.2
43.1
39.65
41.3
39.8
41.3
38.85
47.45
35.7
42.55
41.95
37.25
46.25
40.75
47.05
39.9
41.45
42.7
43.35
41.6
44.75
38.6
42.5
40.55
44.4
40.85
42.65
40.65
42.0
41.85
39.2
41.45
43.15
46.45
46.15
48.05
40.8
44.35
43.9
40.15
43.7
39.45
44.3
43.55
40.8
42.0
39.0
43.2
41.5
38.8
45.35
42.05
40.65
42.05
40.95
39.5
40.2
39.5
40.4
40.15
45.15
42.6
40.0
40.4
43.15
43.25
45.35
38.1
43.75
45.5
40.95
40.8
40.15
39.4
38.8
44.95
43.85
43.8
42.8
40.1
45.2
43.15
40.9
44.3
42.35
42.45
40.0
42.45
41.3
42.65
39.9
39.9
43.25
47.75
46.1
35.4
43.9
42.35
38.85
40.65
43.1
41.4
44.8
45.5
40.15
42.65
45.85
39.45
40.0
44.4
42.65
44.1
42.6
41.1
42.4
42.5
42.9
42.5
42.6
39.9
40.3
39.0
42.8
43.65
43.9
43.8
41.15
44.2
43.75
39.75
41.85
44.8
42.95
47.85
43.6
39.55
42.15
43.35
42.85
39.35
40.8
42.05
42.25
44.1
43.05
43.7
43.75
44.7
43.1
