5.55
16.75
24.8
26.2
24.75
26.35
24.15
27.3
28.5
26.5
27.5
21.65
26.3
28.35
26.5
25.7
25.55
23.3
24.4
25.85
25.1
25.5
25.35
28.15
25.0
26.95
24.1
27.3
27.8
24.5
22.9
25.3
28.6
25.35
28.25
25.25
25.45
28.2
22.9
27.25
28.1
25.75
27.1
24.75
27.65
26.2
28.25
29.15
25.15
21.95
26.15
26.5
25.2
24.6
23.7
25.5
28.0
27.25
24.4
27.1
24.95
27.75
28.7
26.35
23.55
28.15
27.85
27.1
28.1
25.85
27.5
26.2
26.45
24.75
26.25
25.25
24.35
26.7
27.2
27.0
28.3
26.45
28.15
27.45
26.55
28.8
27.9
27.9
28.2
26.5
27.55
28.25
26.85
28.4
29.0
28.0
27.6
28.9
27.65
28.35
28.25
28.65
27.0
28.8
27.0
27.45
29.45
28.65
26.8
27.1
30.25
28.3
26.45
26.05
26.6
26.95
28.1
27.5
27.5
29.75
29.3
30.5
28.35
30.05
31.55
30.85
30.15
29.1
28.85
28.8
31.5
30.35
32.85
30.15
32.85
32.05
27.35
31.05
32.75
31.0
32.05
29.25
28.8
30.5
32.65
31.7
32.45
29.8
31.5
30.1
31.2
30.4
29.25
32.9
31.85
31.35
31.95
31.55
31.5
33.0
31.3
30.3
32.2
35.3
32.4
32.9
30.8
33.0
30.3
30.7
33.6
31.9
31.85
33.05
34.05
33.3
30.15
28.1
32.0
32.75
31.7
32.45
30.75
31.85
31.5
32.35
31.4
30.1
30.4
29.55
32.1
32.15
31.85
32.1
33.0
32.0
32.7
31.95
29.3
32.35
32.25
31.55
30.75
32.75
31.35
30.1
31.1
28.7
33.5
32.25
32.75
32.45
30.6
31.9
29.6
30.2
30.0
30.15
32.5
31.3
30.1
29.55
31.7
32.7
29.5
32.4
31.4
32.45
31.2
32.35
31.25
30.75
32.55
29.95
31.55
34.35
29.2
31.55
32.3
30.5
33.15
31.55
29.65
30.65
31.15
30.35
31.2
31.6
30.9
32.95
32.45
32.35
32.55
31.05
31.4
29.55
29.75
29.15
31.65
34.6
30.6
31.55
32.0
30.75
29.95
30.55
31.85
30.1
30.25
31.0
32.7
28.2
29.4
29.4
28.7
29.25
30.45
31.7
30.0
29.6
32.9
31.3
32.4
31.4
30.9
30.35
29.6
33.75
30.1
30.8
32.1
30.95
29.9
32.15
27.75
34.15
33.5
31.75
30.65
31.8
31.8
33.15
32.5
30.8
33.7
31.3
32.55
31.35
33.25
33.7
33.1
31.45
33.1
32.65
29.8
30.2
35.65
34.25
29.0
34.1
33.55
32.85
33.15
31.85
30.05
29.7
33.55
32.45
32.35
31.55
30.85
32.85
31.8
30.7
33.05
33.2
32.1
33.25
32.05
32.65
31.65
31.45
33.3
34.95
30.65
31.9
32.45
32.6
34.85
32.1
31.95
31.7
31.0
33.9
31.3
33.6
32.1
32.35
30.85
33.05
35.5
31.85
34.25
33.1
32.55
31.8
30.15
34.45
32.75
35.25
33.85
34.25
32.05
32.5
34.6
32.7
33.85
33.4
35.65
32.25
32.35
30.9
31.6
35.05
33.25
34.5
31.95
32.0
30.4
32.2
31.1
32.4
31.35
31.75
31.85
33.8
33.45
34.15
31.5
33.4
34.75
32.35
34.55
28.8
35.55
34.25
34.65
34.1
32.0
32.65
36.2
32.25
31.4
31.85
33.5
34.95
29.75
34.95
35.1
33.4
31.5
32.9
33.45
33.75
34.65
33.6
34.95
34.25
31.45
35.7
34.6
34.75
33.85
32.05
34.7
35.5
33.65
33.45
32.2
34.2
33.45
34.15
35.3
35.65
32.95
34.5
34.45
32.8
32.85
32.7
34.4
35.8
33.85
33.8
34.7
32.15
34.8
33.35
35.0
30.0
33.25
34.55
34.95
32.65
33.1
31.7
32.6
33.0
32.8
33.35
32.55
33.85
33.45
33.65
31.55
30.9
34.75
33.45
32.65
34.1
33.1
32.85
33.2
30.5
33.8
34.45
31.35
32.75
34.4
33.6
33.8
33.15
31.65
30.75
33.85
30.95
33.4
33.6
31.85
32.2
33.15
33.95
35.75
33.75
33.45
32.1
33.55
33.65
33.75
34.1
30.6
33.45
32.7
36.1
31.6
35.5
32.9
32.9
34.25
34.9
32.45
32.25
32.7
32.55
34.45
34.3
31.6
34.0
32.65
33.85
35.4
31.75
31.7
32.9
31.8
32.35
30.85
35.15
34.45
34.45
32.85
34.05
32.75
32.75
32.3
32.9
36.1
33.75
32.9
36.7
32.9
30.9
35.1
33.8
36.4
33.3
33.95
32.1
33.4
33.55
34.75
32.35
35.55
34.3
35.5
32.95
33.2
35.35
34.8
33.65
32.95
31.95
32.1
31.85
31.3
30.65
30.85
34.55
31.55
33.0
33.95
33.7
31.9
33.65
33.3
33.6
32.5
32.95
33.6
33.5
36.1
31.1
34.95
34.7
33.75
35.6
33.4
32.65
31.55
33.8
34.35
32.85
32.95
32.65
31.05
34.95
32.65
34.25
32.0
34.25
32.25
33.4
31.3
30.0
32.05
32.3
31.3
34.25
32.55
33.95
36.4
32.85
33.55
34.3
33.45
33.55
34.25
34.55
31.9
33.7
33.65
35.05
33.75
32.45
34.05
33.4
32.45
30.1
33.55
33.05
31.75
36.35
34.9
34.75
33.75
32.75
34.0
34.45
33.45
34.65
34.85
31.75
32.95
35.8
34.1
34.6
31.05
33.35
34.85
33.55
34.15
34.9
34.05
34.0
32.55
34.75
32.25
35.45
34.4
33.35
35.7
34.15
33.45
33.05
33.6
35.25
32.85
34.8
35.5
35.1
31.2
36.4
35.35
31.7
32.4
36.25
35.25
33.3
34.3
31.7
33.3
35.3
32.35
33.3
36.0
34.85
35.25
35.8
34.75
33.75
36.85
36.2
37.05
34.35
35.55
34.75
33.55
35.5
32.4
36.5
34.85
34.85
35.2
33.15
35.65
31.65
35.1
34.85
31.8
34.9
35.55
33.85
34.65
34.0
33.6
34.55
36.9
34.0
35.5
35.5
34.25
33.55
33.2
34.55
35.05
36.45
33.9
34.95
36.2
33.55
35.15
33.85
34.9
34.0
33.1
37.1
32.35
33.7
33.8
35.7
33.7
33.2
33.55
32.1
32.85
35.15
35.55
35.9
37.35
34.0
33.7
36.05
33.2
36.9
35.55
34.2
33.55
33.2
32.5
31.8
32.5
31.6
34.95
35.6
34.05
32.95
34.3
33.25
33.3
33.15
34.55
35.55
33.0
33.65
36.05
34.3
32.65
35.5
36.9
34.55
33.2
34.75
34.5
38.1
31.85
35.15
34.4
37.25
34.25
35.05
32.8
33.45
35.15
32.3
33.1
32.6
32.6
37.5
33.35
34.45
32.8
34.0
38.1
33.75
37.15
35.2
36.65
35.05
35.55
33.95
37.85
35.65
33.95
31.65
33.85
34.1
35.3
34.8
32.45
35.3
36.05
35.5
32.55
34.9
32.5
32.75
34.45
31.95
37.05
33.6
33.65
37.6
35.75
35.55
35.75
36.4
35.95
36.4
35.35
34.3
35.2
35.35
34.55
34.1
33.9
32.7
33.95
31.0
35.65
35.0
33.55
34.5
32.8
39.4
35.75
36.25
33.5
35.3
35.8
35.55
36.7
34.8
33.7
35.45
37.2
34.05
29.15
33.55
34.65
31.75
34.0
35.85
35.55
33.95
36.2
37.3
34.6
34.0
33.6
34.2
36.1
36.6
37.3
33.6
34.3
36.4
33.85
35.4
37.65
33.55
34.7
34.75
35.9
36.25
33.7
35.2
37.1
34.85
34.25
33.15
37.0
34.0
33.2
36.35
36.05
32.85
34.7
34.1
34.4
35.65
36.0
36.65
33.2
36.1
36.5
35.8
34.35
37.7
35.15
33.45
37.2
36.9
33.1
35.2
33.75
35.1
36.75
34.0
34.6
35.9
36.0
34.95
35.45
35.8
34.6
36.65
34.9
35.55
35.5
35.05
35.2
32.75
35.6
32.0
33.2
35.05
35.45
37.5
32.5
33.0
32.2
36.35
33.05
35.7
32.9
37.1
35.2
34.55
35.1
34.85
35.8
34.85
32.95
35.1
33.7
37.55
33.95
33.7
34.45
38.7
34.95
35.55
37.05
36.55
34.5
36.65
37.15
36.25
33.4
35.95
34.6
32.85
33.45
37.55
34.05
34.5
35.2
35.5
33.6
