17
30
36
35
40
42
41
36
37
34
38
39
40
36
38
40
37
46
40
41
36
39
33
41
42
56
45
39
36
49
46
40
45
42
46
44
49
49
49
52
49
47
41
43
48
39
51
52
46
41
41
42
59
48
50
50
42
47
46
43
47
46
42
50
51
46
52
47
46
48
48
41
50
43
42
42
42
39
48
48
51
44
48
48
40
46
56
44
43
41
50
50
44
45
43
45
53
46
52
45
45
52
58
51
48
47
51
45
52
42
44
45
48
47
47
52
43
53
50
54
50
50
44
45
47
46
53
48
50
45
49
52
51
46
48
46
47
61
49
53
49
49
48
47
53
48
48
49
50
48
46
53
54
52
49
48
52
47
47
46
54
50
48
47
58
53
54
48
48
46
51
49
45
57
48
51
56
48
56
51
50
61
46
54
54
53
63
51
54
53
49
49
47
55
54
51
53
48
51
54
55
49
57
47
52
49
50
51
49
51
50
46
43
45
62
56
51
58
55
49
46
53
55
52
49
55
48
56
54
50
52
57
51
58
54
54
55
51
51
52
51
49
53
62
55
47
50
55
46
45
54
52
49
55
50
51
52
53
51
53
50
48
53
52
48
50
49
52
49
48
54
59
49
48
54
53
58
52
54
55
50
52
58
56
59
51
52
54
47
52
56
51
52
49
62
59
51
54
61
52
49
53
62
65
58
63
52
53
58
48
58
53
54
52
56
50
54
60
59
66
52
60
61
49
58
51
53
60
52
52
59
56
52
56
54
54
51
52
47
50
54
54
58
57
46
57
52
55
58
53
53
54
51
58
51
57
54
59
53
53
49
54
54
58
54
57
58
54
56
53
63
54
52
49
50
53
55
62
56
62
54
58
55
63
53
54
55
56
63
47
60
60
65
59
55
50
57
62
58
55
54
64
55
49
54
64
50
70
64
55
52
61
58
50
57
56
57
58
51
59
53
62
57
55
57
56
57
56
63
53
63
57
60
54
58
59
61
60
57
58
52
57
64
58
68
60
56
56
49
52
52
53
51
59
57
58
57
56
53
53
63
56
59
52
55
61
53
55
63
54
52
60
55
55
56
51
53
64
61
49
62
59
55
54
54
54
55
51
58
55
55
53
57
55
63
52
60
65
55
59
61
55
55
58
49
52
53
58
54
57
53
65
59
58
63
50
63
55
71
65
54
54
54
50
59
61
61
54
57
69
66
53
52
57
53
53
59
59
68
54
55
59
58
47
58
50
55
54
57
57
56
59
60
59
64
55
56
61
62
58
64
60
59
59
58
56
59
65
54
56
64
58
57
52
53
56
57
60
48
52
60
52
54
52
65
59
49
67
55
51
52
52
59
55
56
49
60
60
73
54
57
47
62
58
54
62
55
55
57
53
53
52
61
52
58
55
64
56
60
55
59
61
56
53
54
52
56
55
58
50
74
57
51
62
55
54
56
63
60
62
57
55
54
55
58
57
59
53
57
51
61
59
58
60
51
58
60
54
59
65
62
53
75
63
54
55
52
61
57
59
57
64
50
52
54
55
49
55
59
53
50
51
56
55
57
59
58
52
53
58
52
51
48
53
73
62
52
60
54
58
49
60
57
60
54
53
62
61
54
65
51
58
53
55
54
50
53
57
53
62
61
62
63
53
51
65
55
58
65
59
55
55
55
49
61
59
57
50
61
58
58
58
55
55
65
56
61
67
65
57
48
52
48
50
56
60
67
54
60
57
55
51
52
53
63
51
55
59
58
54
62
58
54
56
54
63
52
69
54
57
55
57
59
54
60
62
56
60
55
57
57
53
55
53
59
60
61
53
58
56
62
51
53
60
55
55
55
50
68
62
52
51
54
56
63
56
55
55
61
60
54
56
56
52
48
55
52
54
56
50
56
59
54
52
62
55
48
62
52
58
56
51
64
55
58
52
60
50
56
57
60
58
56
53
65
58
59
68
66
59
61
50
63
58
60
66
68
58
57
51
56
58
48
57
53
60
51
50
54
58
50
56
52
51
59
55
50
60
56
55
71
57
62
59
54
59
56
53
57
60
59
52
58
52
59
54
59
60
56
54
59
57
55
61
52
57
60
56
52
57
62
56
77
56
62
48
59
55
62
60
53
65
58
59
55
53
54
67
60
55
60
59
58
50
58
59
65
49
50
52
65
64
51
63
53
53
50
56
66
60
61
54
58
67
56
59
59
50
55
55
54
63
62
48
59
57
57
71
58
64
53
60
62
57
56
55
61
63
60
53
57
55
53
68
61
53
56
56
49
