27
32
28
29
31
36
36
34
37
41
46
36
40
46
50
39
48
41
39
51
43
51
44
38
39
45
46
44
40
39
48
40
42
42
45
39
42
47
46
43
46
48
52
46
45
40
49
45
44
46
42
51
41
50
49
51
47
51
42
51
49
50
40
43
49
47
46
49
49
43
47
42
45
45
45
45
46
52
47
46
50
44
47
47
52
45
44
44
51
50
43
50
50
49
46
55
43
51
49
45
41
47
51
54
46
45
49
45
42
64
43
48
56
46
51
50
53
45
50
41
53
47
55
53
51
45
41
54
48
47
48
48
45
48
49
50
50
52
45
47
46
47
43
42
49
47
55
54
61
47
56
47
64
46
46
51
52
48
62
47
53
51
49
49
51
47
48
51
50
55
54
44
49
51
49
48
58
50
47
55
51
48
50
51
57
52
54
54
53
42
52
49
53
52
50
54
58
56
57
46
54
49
54
51
53
47
47
48
53
51
54
50
54
51
48
44
47
53
49
51
56
52
49
45
51
50
57
51
50
46
46
52
53
53
49
46
55
59
59
43
52
47
52
49
55
50
55
54
56
56
52
52
53
53
44
48
51
59
56
53
56
51
49
58
56
51
58
61
55
56
60
51
50
58
62
61
52
49
48
50
59
54
55
55
56
55
48
60
54
49
48
47
49
54
55
50
64
49
49
61
56
50
53
47
56
50
52
48
59
58
51
49
50
50
56
54
52
54
56
54
51
47
56
54
61
53
50
54
51
49
50
53
51
53
52
62
53
52
56
52
54
52
51
53
51
52
60
50
52
57
57
50
48
50
51
53
53
48
47
45
54
60
61
49
48
47
51
51
47
60
49
49
52
54
51
51
47
58
49
45
55
51
52
47
54
48
49
57
53
55
47
57
52
48
47
48
53
51
68
55
59
51
69
52
56
50
51
58
55
45
54
49
52
55
54
46
52
49
50
52
48
50
50
48
53
53
49
55
48
48
54
50
54
51
51
55
47
49
49
54
57
54
57
54
50
55
47
54
56
60
50
50
51
46
47
52
51
53
70
53
56
51
54
60
56
56
54
45
55
51
56
55
50
49
54
52
55
50
50
58
55
57
54
49
48
58
57
53
56
52
50
60
56
56
53
57
51
49
57
52
55
51
55
60
52
50
61
55
56
62
54
58
58
69
60
52
48
54
49
65
57
53
52
51
58
51
53
55
51
50
55
53
51
54
57
52
58
52
55
52
53
47
52
55
56
55
53
51
56
55
55
58
54
53
50
52
55
58
47
50
61
63
52
45
51
56
53
52
54
55
55
49
58
52
60
50
56
55
63
52
54
52
55
58
57
48
54
57
59
54
49
68
55
57
55
74
59
66
54
49
63
59
53
59
49
57
56
53
61
57
55
52
67
56
54
54
63
64
52
53
62
54
60
52
51
60
55
53
56
51
55
48
56
60
62
66
60
57
52
49
66
57
51
53
62
62
56
52
68
53
61
60
58
55
55
62
65
55
63
49
59
62
60
54
54
65
52
59
55
59
52
58
56
53
55
59
57
57
54
51
54
53
51
53
53
59
54
53
44
56
55
55
54
56
56
45
50
52
70
62
60
57
57
53
59
56
53
60
55
51
61
59
54
55
56
54
58
55
66
54
64
56
59
54
53
64
63
60
56
56
58
57
55
62
53
58
59
55
54
59
49
57
56
49
56
58
53
63
58
57
61
54
55
56
53
53
63
57
54
62
53
57
51
64
53
53
55
65
50
56
61
56
57
57
56
53
57
49
63
56
57
59
58
61
59
55
59
57
58
58
57
61
58
56
56
55
54
47
58
57
54
56
67
54
59
61
55
57
53
52
54
58
55
56
57
53
59
57
57
52
59
55
53
51
57
64
55
58
56
53
66
55
66
56
56
54
59
57
53
61
62
53
51
51
58
55
54
51
51
62
60
59
50
55
52
50
53
62
59
61
57
57
51
59
51
53
52
49
59
63
60
57
53
58
55
60
50
61
56
63
57
65
57
60
60
52
54
54
58
53
59
59
52
57
52
51
58
57
59
55
62
50
54
58
55
54
50
54
62
52
62
63
54
60
53
56
65
70
63
66
62
53
56
60
65
62
54
59
54
57
61
62
61
59
63
64
52
57
56
55
51
52
57
63
64
50
51
57
62
54
54
59
62
57
57
55
53
59
56
68
54
58
60
52
64
60
58
53
60
53
66
72
69
55
57
63
58
56
53
62
55
65
57
58
52
59
53
66
67
57
61
53
56
50
56
65
55
55
50
